id,image_id,category_id,iscrowd,area,bbox0,bbox1,bbox2,bbox3,seg0,seg1,seg2,seg3,seg4,seg5,seg6,seg7
0,0,1,0,185256,448,299,664,279,448,299,448,578,1112,578,1112,299
1,0,1,0,41349,1101,291,179,231,1101,291,1101,522,1280,522,1280,291
2,1,1,0,254520,0,240,630,404,0,240,0,644,630,644,630,240
3,1,1,0,165825,592,254,603,275,592,254,592,529,1195,529,1195,254
4,2,1,0,14268,714,258,116,123,714,258,714,381,830,381,830,258
5,3,1,0,27384,736,242,163,168,736,242,736,410,899,410,899,242
6,4,1,0,87780,784,186,308,285,784,186,784,471,1092,471,1092,186
7,5,1,0,215798,906,0,374,577,906,0,906,577,1280,577,1280,0
8,6,2,0,924,770,321,22,42,770,321,770,363,792,363,792,321
9,7,4,0,1242,785,311,23,54,785,311,785,365,808,365,808,311
10,8,4,0,2590,861,295,37,70,861,295,861,365,898,365,898,295
11,9,4,0,4633,950,306,41,113,950,306,950,419,991,419,991,306
12,10,4,0,17892,1171,297,84,213,1171,297,1171,510,1255,510,1255,297
13,11,4,0,1792,834,314,28,64,834,314,834,378,862,378,862,314
14,12,4,0,3960,896,306,40,99,896,306,896,405,936,405,936,306
15,13,4,0,19530,1004,292,93,210,1004,292,1004,502,1097,502,1097,292
16,14,1,0,972,730,307,36,27,730,307,730,334,766,334,766,307
17,14,1,0,1190,662,304,35,34,662,304,662,338,697,338,697,304
18,15,1,0,875,728,313,35,25,728,313,728,338,763,338,763,313
19,15,1,0,1225,656,308,35,35,656,308,656,343,691,343,691,308
20,16,1,0,1085,725,314,35,31,725,314,725,345,760,345,760,314
21,16,1,0,1225,650,310,35,35,650,310,650,345,685,345,685,310
22,17,1,0,891,723,315,33,27,723,315,723,342,756,342,756,315
23,17,1,0,1369,641,307,37,37,641,307,641,344,678,344,678,307
24,18,1,0,1178,719,313,38,31,719,313,719,344,757,344,757,313
25,18,1,0,1443,632,307,39,37,632,307,632,344,671,344,671,307
26,19,1,0,1428,714,311,42,34,714,311,714,345,756,345,756,311
27,19,1,0,1806,620,303,43,42,620,303,620,345,663,345,663,303
28,20,4,0,11396,1006,301,77,148,1006,301,1006,449,1083,449,1083,301
29,20,1,0,1880,710,314,47,40,710,314,710,354,757,354,757,314
30,20,1,0,1640,612,310,40,41,612,310,612,351,652,351,652,310
31,21,1,0,2236,711,316,52,43,711,316,711,359,763,359,763,316
32,21,1,0,1722,605,311,42,41,605,311,605,352,647,352,647,311
33,22,1,0,2679,713,315,57,47,713,315,713,362,770,362,770,315
34,22,1,0,1640,595,313,41,40,595,313,595,353,636,353,636,313
35,23,1,0,3726,715,308,69,54,715,308,715,362,784,362,784,308
36,23,1,0,1936,585,306,44,44,585,306,585,350,629,350,629,306
37,24,1,0,5848,727,303,86,68,727,303,727,371,813,371,813,303
38,24,4,0,2550,1012,314,30,85,1012,314,1012,399,1042,399,1042,314
39,24,1,0,2250,582,307,50,45,582,307,582,352,632,352,632,307
40,25,4,0,3913,1023,312,43,91,1023,312,1023,403,1066,403,1066,312
41,25,1,0,8829,748,298,109,81,748,298,748,379,857,379,857,298
42,25,1,0,2450,576,300,50,49,576,300,576,349,626,349,626,300
43,26,4,0,4935,1049,312,47,105,1049,312,1049,417,1096,417,1096,312
44,26,1,0,16536,776,301,156,106,776,301,776,407,932,407,932,301
45,26,1,0,2703,576,301,51,53,576,301,576,354,627,354,627,301
46,26,1,0,12283,202,287,173,71,202,287,202,358,375,358,375,287
47,27,4,0,5014,1078,316,46,109,1078,316,1078,425,1124,425,1124,316
48,27,1,0,43176,829,297,257,168,829,297,829,465,1086,465,1086,297
49,27,1,0,2907,565,304,57,51,565,304,565,355,622,355,622,304
50,27,1,0,19404,111,283,231,84,111,283,111,367,342,367,342,283
51,28,1,0,112378,958,281,322,349,958,281,958,630,1280,630,1280,281
52,28,1,0,3304,558,303,59,56,558,303,558,359,617,359,617,303
53,28,1,0,23265,70,274,235,99,70,274,70,373,305,373,305,274
54,29,1,0,23968,0,268,224,107,0,268,0,375,224,375,224,268
55,29,1,0,4422,543,298,67,66,543,298,543,364,610,364,610,298
56,29,4,0,13724,1147,316,94,146,1147,316,1147,462,1241,462,1241,316
57,30,1,0,5032,522,295,74,68,522,295,522,363,596,363,596,295
58,30,1,0,21320,0,258,164,130,0,258,0,388,164,388,164,258
59,31,1,0,6320,509,299,79,80,509,299,509,379,588,379,588,299
60,32,1,0,7826,478,297,91,86,478,297,478,383,569,383,569,297
61,33,1,0,10593,447,291,107,99,447,291,447,390,554,390,554,291
62,34,1,0,14268,409,290,123,116,409,290,409,406,532,406,532,290
63,35,1,0,22304,343,288,164,136,343,288,343,424,507,424,507,288
64,36,1,0,36980,254,279,215,172,254,279,254,451,469,451,469,279
65,37,4,0,7050,882,289,50,141,882,289,882,430,932,430,932,289
66,37,1,0,75210,93,259,327,230,93,259,93,489,420,489,420,259
67,38,1,0,129238,0,236,358,361,0,236,0,597,358,597,358,236
68,39,1,0,99946,0,234,242,413,0,234,0,647,242,647,242,234
69,40,4,0,12012,1214,304,66,182,1214,304,1214,486,1280,486,1280,304
70,41,1,0,202073,0,237,509,397,0,237,0,634,509,634,509,237
71,41,1,0,167008,470,261,614,272,470,261,470,533,1084,533,1084,261
72,42,4,0,10595,1083,322,65,163,1083,322,1083,485,1148,485,1148,322
73,43,4,0,3531,890,304,33,107,890,304,890,411,923,411,923,304
74,44,4,0,24795,1174,274,95,261,1174,274,1174,535,1269,535,1269,274
75,45,4,0,3060,816,301,36,85,816,301,816,386,852,386,852,301
76,46,4,0,4961,913,294,41,121,913,294,913,415,954,415,954,294
77,47,4,0,18177,1205,272,73,249,1205,272,1205,521,1278,521,1278,272
78,48,4,0,6771,905,331,61,111,905,331,905,442,966,442,966,331
79,48,4,0,10296,884,289,72,143,884,289,884,432,956,432,956,289
80,48,4,0,2813,861,299,29,97,861,299,861,396,890,396,890,299
81,48,4,0,1472,775,303,23,64,775,303,775,367,798,367,798,303
82,49,4,0,6120,1026,296,51,120,1026,296,1026,416,1077,416,1077,296
83,49,4,0,5200,957,287,50,104,957,287,957,391,1007,391,1007,287
84,49,4,0,5117,928,286,43,119,928,286,928,405,971,405,971,286
85,49,4,0,1856,812,289,32,58,812,289,812,347,844,347,844,289
86,50,4,0,13200,1107,279,75,176,1107,279,1107,455,1182,455,1182,279
87,50,4,0,5936,875,289,53,112,875,289,875,401,928,401,928,289
88,51,4,0,16471,1027,273,91,181,1027,273,1027,454,1118,454,1118,273
89,52,4,0,7228,1035,300,52,139,1035,300,1035,439,1087,439,1087,300
90,53,1,0,15300,921,284,153,100,921,284,921,384,1074,384,1074,284
91,54,4,0,1537,738,317,29,53,738,317,738,370,767,370,767,317
92,55,4,0,1127,730,310,23,49,730,310,730,359,753,359,753,310
93,56,4,0,1560,718,316,30,52,718,316,718,368,748,368,748,316
94,57,4,0,2065,707,309,35,59,707,309,707,368,742,368,742,309
95,58,4,0,1302,703,306,21,62,703,306,703,368,724,368,724,306
96,59,4,0,2178,684,305,33,66,684,305,684,371,717,371,717,305
97,60,4,0,2263,667,295,31,73,667,295,667,368,698,368,698,295
98,61,4,0,2449,646,294,31,79,646,294,646,373,677,373,677,294
99,62,4,0,4508,613,298,49,92,613,298,613,390,662,390,662,298
100,63,1,0,15288,942,290,147,104,942,290,942,394,1089,394,1089,290
101,64,4,0,3744,589,294,36,104,589,294,589,398,625,398,625,294
102,65,4,0,4988,561,291,43,116,561,291,561,407,604,407,604,291
103,66,4,0,7236,511,284,54,134,511,284,511,418,565,418,565,284
104,67,4,0,9280,468,271,58,160,468,271,468,431,526,431,526,271
105,67,1,0,918,598,302,34,27,598,302,598,329,632,329,632,302
106,68,4,0,18392,372,262,88,209,372,262,372,471,460,471,460,262
107,68,1,0,728,602,302,28,26,602,302,602,328,630,328,630,302
108,69,4,0,36408,167,248,123,296,167,248,167,544,290,544,290,248
109,69,1,0,1054,591,302,34,31,591,302,591,333,625,333,625,302
110,70,1,0,1073,591,306,37,29,591,306,591,335,628,335,628,306
111,71,1,0,1248,596,309,39,32,596,309,596,341,635,341,635,309
112,72,1,0,1254,606,310,38,33,606,310,606,343,644,343,644,310
113,73,1,0,1326,615,311,39,34,615,311,615,345,654,345,654,311
114,74,1,0,22134,959,282,186,119,959,282,959,401,1145,401,1145,282
115,75,4,0,2176,902,309,32,68,902,309,902,377,934,377,934,309
116,75,1,0,1332,625,311,37,36,625,311,625,347,662,347,662,311
117,76,4,0,4747,986,311,47,101,986,311,986,412,1033,412,1033,311
118,76,1,0,1512,630,313,42,36,630,313,630,349,672,349,672,313
119,77,4,0,12432,1159,316,84,148,1159,316,1159,464,1243,464,1243,316
120,77,1,0,1848,634,309,44,42,634,309,634,351,678,351,678,309
121,78,1,0,1806,634,309,43,42,634,309,634,351,677,351,677,309
122,79,1,0,2068,633,305,44,47,633,305,633,352,677,352,677,305
123,80,1,0,2064,628,308,48,43,628,308,628,351,676,351,676,308
124,80,4,0,2133,441,278,27,79,441,278,441,357,468,357,468,278
125,81,1,0,2160,626,303,48,45,626,303,626,348,674,348,674,303
126,81,4,0,3220,413,272,35,92,413,272,413,364,448,364,448,272
127,82,4,0,3705,381,274,39,95,381,274,381,369,420,369,420,274
128,82,1,0,2650,618,306,53,50,618,306,618,356,671,356,671,306
129,83,4,0,5390,330,265,49,110,330,265,330,375,379,375,379,265
130,83,1,0,2862,609,301,53,54,609,301,609,355,662,355,662,301
131,84,4,0,6264,272,258,58,108,272,258,272,366,330,366,330,258
132,84,1,0,2800,594,304,56,50,594,304,594,354,650,354,650,304
133,85,1,0,30125,983,287,241,125,983,287,983,412,1224,412,1224,287
134,86,4,0,6670,231,246,46,145,231,246,231,391,277,391,277,246
135,86,1,0,3410,576,298,62,55,576,298,576,353,638,353,638,298
136,87,4,0,9638,162,239,61,158,162,239,162,397,223,397,223,239
137,87,1,0,3712,561,299,64,58,561,299,561,357,625,357,625,299
138,88,4,0,11036,88,231,62,178,88,231,88,409,150,409,150,231
139,88,1,0,3776,547,298,64,59,547,298,547,357,611,357,611,298
140,89,4,0,13130,8,222,65,202,8,222,8,424,73,424,73,222
141,89,1,0,4209,532,298,69,61,532,298,532,359,601,359,601,298
142,90,1,0,13800,266,258,115,120,266,258,266,378,381,378,381,258
143,90,1,0,4453,520,300,73,61,520,300,520,361,593,361,593,300
144,91,1,0,14896,251,250,112,133,251,250,251,383,363,383,363,250
145,91,1,0,5082,514,297,77,66,514,297,514,363,591,363,591,297
146,92,1,0,16851,224,257,123,137,224,257,224,394,347,394,347,257
147,92,1,0,5100,511,298,75,68,511,298,511,366,586,366,586,298
148,93,1,0,17920,210,257,128,140,210,257,210,397,338,397,338,257
149,93,1,0,5920,512,299,80,74,512,299,512,373,592,373,592,299
150,94,1,0,20115,188,251,135,149,188,251,188,400,323,400,323,251
151,94,1,0,5986,512,298,82,73,512,298,512,371,594,371,594,298
152,95,1,0,5727,518,300,83,69,518,300,518,369,601,369,601,300
153,95,1,0,23068,167,248,146,158,167,248,167,406,313,406,313,248
154,96,1,0,30932,1015,275,209,148,1015,275,1015,423,1224,423,1224,275
155,97,1,0,5925,524,296,79,75,524,296,524,371,603,371,603,296
156,97,1,0,24336,142,252,156,156,142,252,142,408,298,408,298,252
157,98,1,0,29050,119,244,166,175,119,244,119,419,285,419,285,244
158,98,1,0,6794,525,296,86,79,525,296,525,375,611,375,611,296
159,99,1,0,6952,529,298,88,79,529,298,529,377,617,377,617,298
160,99,1,0,33124,88,244,182,182,88,244,88,426,270,426,270,244
161,100,1,0,7912,535,295,92,86,535,295,535,381,627,381,627,295
162,100,1,0,38760,62,240,204,190,62,240,62,430,266,430,266,240
163,101,4,0,60536,1084,253,184,329,1084,253,1084,582,1268,582,1268,253
164,101,1,0,8134,538,299,98,83,538,299,538,382,636,382,636,299
165,101,1,0,45540,35,234,220,207,35,234,35,441,255,441,255,234
166,102,1,0,54366,0,228,246,221,0,228,0,449,246,449,246,228
167,102,1,0,8613,544,293,99,87,544,293,544,380,643,380,643,293
168,102,4,0,33075,977,265,135,245,977,265,977,510,1112,510,1112,265
169,103,4,0,20544,926,270,107,192,926,270,926,462,1033,462,1033,270
170,103,1,0,9588,548,293,102,94,548,293,548,387,650,387,650,293
171,103,1,0,52416,0,225,224,234,0,225,0,459,224,459,224,225
172,104,4,0,12284,889,282,83,148,889,282,889,430,972,430,972,282
173,104,1,0,10088,554,293,104,97,554,293,554,390,658,390,658,293
174,104,1,0,52668,0,219,209,252,0,219,0,471,209,471,209,219
175,105,1,0,46008,1118,312,162,284,1118,312,1118,596,1280,596,1280,312
176,105,1,0,10165,558,294,107,95,558,294,558,389,665,389,665,294
177,105,1,0,52820,0,205,190,278,0,205,0,483,190,483,190,205
178,105,4,0,7616,861,286,68,112,861,286,861,398,929,398,929,286
179,106,1,0,32487,1055,273,221,147,1055,273,1055,420,1276,420,1276,273
180,107,1,0,106267,951,244,329,323,951,244,951,567,1280,567,1280,244
181,107,4,0,4656,837,288,48,97,837,288,837,385,885,385,885,288
182,107,1,0,13098,561,288,118,111,561,288,561,399,679,399,679,288
183,107,1,0,44496,0,204,144,309,0,204,0,513,144,513,144,204
184,108,1,0,13566,561,288,119,114,561,288,561,402,680,402,680,288
185,108,4,0,2660,834,288,28,95,834,288,834,383,862,383,862,288
186,108,1,0,95887,901,270,379,253,901,270,901,523,1280,523,1280,270
187,109,1,0,63162,867,281,319,198,867,281,867,479,1186,479,1186,281
188,109,4,0,2482,813,298,34,73,813,298,813,371,847,371,847,298
189,109,1,0,14448,551,292,129,112,551,292,551,404,680,404,680,292
190,110,1,0,15720,546,289,131,120,546,289,546,409,677,409,677,289
191,110,4,0,1407,805,294,21,67,805,294,805,361,826,361,826,294
192,110,1,0,44820,840,279,249,180,840,279,840,459,1089,459,1089,279
193,111,1,0,30800,810,287,200,154,810,287,810,441,1010,441,1010,287
194,111,1,0,16698,532,292,138,121,532,292,532,413,670,413,670,292
195,112,1,0,68970,1071,272,209,330,1071,272,1071,602,1280,602,1280,272
196,112,1,0,22344,782,284,168,133,782,284,782,417,950,417,950,284
197,112,1,0,18850,513,286,145,130,513,286,513,416,658,416,658,286
198,113,1,0,20655,496,284,153,135,496,284,496,419,649,419,649,284
199,113,1,0,17100,753,290,150,114,753,290,753,404,903,404,903,290
200,113,1,0,120983,943,245,337,359,943,245,943,604,1280,604,1280,245
201,114,1,0,23004,476,288,162,142,476,288,476,430,638,430,638,288
202,114,1,0,114400,864,266,416,275,864,266,864,541,1280,541,1280,266
203,114,1,0,12648,735,292,124,102,735,292,735,394,859,394,859,292
204,115,1,0,64480,804,278,310,208,804,278,804,486,1114,486,1114,278
205,115,1,0,10476,712,288,108,97,712,288,712,385,820,385,820,288
206,115,1,0,25992,455,280,171,152,455,280,455,432,626,432,626,280
207,116,1,0,43011,759,282,243,177,759,282,759,459,1002,459,1002,282
208,116,1,0,7505,693,295,95,79,693,295,693,374,788,374,788,295
209,116,1,0,27540,435,281,180,153,435,281,435,434,615,434,615,281
210,117,1,0,26280,1100,269,180,146,1100,269,1100,415,1280,415,1280,269
211,118,4,0,35372,971,277,148,239,971,277,971,516,1119,516,1119,277
212,118,1,0,27777,722,287,197,141,722,287,722,428,919,428,919,287
213,118,1,0,6240,680,296,80,78,680,296,680,374,760,374,760,296
214,118,1,0,31360,409,279,196,160,409,279,409,439,605,439,605,279
215,119,1,0,38247,382,274,209,183,382,274,382,457,591,457,591,274
216,119,4,0,10032,890,286,66,152,890,286,890,438,956,438,956,286
217,119,1,0,21546,696,284,162,133,696,284,696,417,858,417,858,284
218,119,1,0,4420,672,298,65,68,672,298,672,366,737,366,737,298
219,120,4,0,5400,986,306,45,120,986,306,986,426,1031,426,1031,306
220,120,4,0,71610,1067,240,210,341,1067,240,1067,581,1277,581,1277,240
221,120,4,0,8415,805,279,55,153,805,279,805,432,860,432,860,279
222,120,1,0,16660,676,287,140,119,676,287,676,406,816,406,816,287
223,120,1,0,42036,355,273,226,186,355,273,355,459,581,459,581,273
224,121,4,0,27500,872,259,125,220,872,259,872,479,997,479,997,259
225,121,4,0,6156,737,293,54,114,737,293,737,407,791,407,791,293
226,121,1,0,9975,656,295,105,95,656,295,656,390,761,390,761,295
227,121,1,0,50592,322,272,248,204,322,272,322,476,570,476,570,272
228,122,1,0,63433,274,264,277,229,274,264,274,493,551,493,551,264
229,122,1,0,8374,634,297,106,79,634,297,634,376,740,376,740,297
230,122,4,0,12150,764,277,81,150,764,277,764,427,845,427,845,277
231,122,4,0,2852,692,300,46,62,692,300,692,362,738,362,738,300
232,123,4,0,6670,693,281,58,115,693,281,693,396,751,396,751,281
233,123,4,0,2485,651,294,35,71,651,294,651,365,686,365,686,294
234,123,1,0,7830,615,291,87,90,615,291,615,381,702,381,702,291
235,123,1,0,75922,211,263,319,238,211,263,211,501,530,501,530,263
236,124,1,0,104058,123,252,369,282,123,252,123,534,492,534,492,252
237,124,4,0,4094,633,285,46,89,633,285,633,374,679,374,679,285
238,124,1,0,3496,592,291,46,76,592,291,592,367,638,367,638,291
239,125,4,0,3440,589,287,40,86,589,287,589,373,629,373,629,287
240,125,1,0,149695,0,243,455,329,0,243,0,572,455,572,455,243
241,126,4,0,42656,923,286,172,248,923,286,923,534,1095,534,1095,286
242,126,4,0,32400,898,272,135,240,898,272,898,512,1033,512,1033,272
243,126,4,0,3588,547,282,39,92,547,282,547,374,586,374,586,282
244,126,1,0,4148,556,293,61,68,556,293,556,361,617,361,617,293
245,126,1,0,160752,0,239,408,394,0,239,0,633,408,633,408,239
246,126,1,0,7140,375,277,68,105,375,277,375,382,443,382,443,277
247,127,1,0,140008,0,229,344,407,0,229,0,636,344,636,344,229
248,127,1,0,15128,295,272,122,124,295,272,295,396,417,396,417,272
249,127,4,0,27742,752,290,143,194,752,290,752,484,895,484,895,290
250,127,4,0,18810,762,274,99,190,762,274,762,464,861,464,861,274
251,127,4,0,1755,521,290,27,65,521,290,521,355,548,355,548,290
252,127,1,0,3136,547,300,49,64,547,300,547,364,596,364,596,300
253,127,4,0,864,552,300,18,48,552,300,552,348,570,348,570,300
254,128,1,0,191478,310,236,658,291,310,236,310,527,968,527,968,236
255,128,1,0,138294,0,222,351,394,0,222,0,616,351,616,351,222
256,129,1,0,15912,1178,262,102,156,1178,262,1178,418,1280,418,1280,262
257,130,1,0,131670,0,200,285,462,0,200,0,662,285,662,285,200
258,130,1,0,25345,218,273,185,137,218,273,218,410,403,410,403,273
259,130,4,0,12556,688,279,86,146,688,279,688,425,774,425,774,279
260,130,4,0,1568,504,295,28,56,504,295,504,351,532,351,532,295
261,130,1,0,3078,535,302,54,57,535,302,535,359,589,359,589,302
262,131,1,0,32100,173,272,214,150,173,272,173,422,387,422,387,272
263,131,4,0,8064,643,279,63,128,643,279,643,407,706,407,706,279
264,131,4,0,1276,512,293,22,58,512,293,512,351,534,351,534,293
265,131,1,0,2915,536,303,53,55,536,303,536,358,589,358,589,303
266,132,1,0,40095,137,266,243,165,137,266,137,431,380,431,380,266
267,132,4,0,4508,623,287,46,98,623,287,623,385,669,385,669,287
268,132,4,0,1653,517,300,29,57,517,300,517,357,546,357,546,300
269,132,1,0,2500,544,306,50,50,544,306,544,356,594,356,594,306
270,133,4,0,5040,598,297,60,84,598,297,598,381,658,381,658,297
271,133,1,0,49306,108,264,277,178,108,264,108,442,385,442,385,264
272,134,1,0,64554,79,260,318,203,79,260,79,463,397,463,397,260
273,134,4,0,3132,615,287,36,87,615,287,615,374,651,374,651,287
274,135,4,0,1224,782,308,24,51,782,308,782,359,806,359,806,308
275,135,4,0,2772,622,299,42,66,622,299,622,365,664,365,664,299
276,135,4,0,902,592,303,22,41,592,303,592,344,614,344,614,303
277,135,1,0,81134,36,253,359,226,36,253,36,479,395,479,395,253
278,136,1,0,106650,0,238,395,270,0,238,0,508,395,508,395,238
279,136,4,0,2604,854,299,31,84,854,299,854,383,885,383,885,299
280,136,4,0,2925,633,302,45,65,633,302,633,367,678,367,678,302
281,137,1,0,116816,0,236,392,298,0,236,0,534,392,534,392,236
282,137,4,0,5985,966,297,57,105,966,297,966,402,1023,402,1023,297
283,138,4,0,10277,1237,291,43,239,1237,291,1237,530,1280,530,1280,291
284,138,1,0,137880,0,228,383,360,0,228,0,588,383,588,383,228
285,139,1,0,148876,0,225,364,409,0,225,0,634,364,634,364,225
286,140,1,0,145266,0,220,341,426,0,220,0,646,341,646,341,220
287,141,1,0,125400,0,225,300,418,0,225,0,643,300,643,300,225
288,142,1,0,78384,1096,201,184,426,1096,201,1096,627,1280,627,1280,201
289,143,1,0,124085,981,191,299,415,981,191,981,606,1280,606,1280,191
290,143,1,0,690,752,308,23,30,752,308,752,338,775,338,775,308
291,144,1,0,110595,915,232,365,303,915,232,915,535,1280,535,1280,232
292,145,1,0,70680,865,249,310,228,865,249,865,477,1175,477,1175,249
293,146,1,0,39738,835,263,222,179,835,263,835,442,1057,442,1057,263
294,147,1,0,25578,806,268,174,147,806,268,806,415,980,415,980,268
295,148,1,0,17202,785,283,141,122,785,283,785,405,926,405,926,283
296,149,1,0,12600,759,284,120,105,759,284,759,389,879,389,879,284
297,150,1,0,9191,740,287,101,91,740,287,740,378,841,378,841,287
298,151,1,0,6320,727,288,79,80,727,288,727,368,806,368,806,288
299,152,1,0,5183,714,291,73,71,714,291,714,362,787,362,787,291
300,153,1,0,4489,706,291,67,67,706,291,706,358,773,358,773,291
301,154,1,0,3844,698,299,62,62,698,299,698,361,760,361,760,299
302,155,1,0,3248,693,299,58,56,693,299,693,355,751,355,751,299
303,156,1,0,3192,689,296,56,57,689,296,689,353,745,353,745,296
304,157,4,0,5934,1080,308,46,129,1080,308,1080,437,1126,437,1126,308
305,157,1,0,2652,687,294,51,52,687,294,687,346,738,346,738,294
306,158,4,0,4920,1046,304,41,120,1046,304,1046,424,1087,424,1087,304
307,158,1,0,2024,687,295,46,44,687,295,687,339,733,339,733,295
308,159,1,0,1763,686,295,41,43,686,295,686,338,727,338,727,295
309,160,1,0,1591,687,298,37,43,687,298,687,341,724,341,724,298
310,161,1,0,1406,686,301,37,38,686,301,686,339,723,339,723,301
311,162,1,0,1248,686,301,32,39,686,301,686,340,718,340,718,301
312,163,1,0,1102,768,306,38,29,768,306,768,335,806,335,806,306
313,164,1,0,1292,691,307,34,38,691,307,691,345,725,345,725,307
314,165,1,0,1260,639,304,35,36,639,304,639,340,674,340,674,304
315,166,1,0,220400,127,241,725,304,127,241,127,545,852,545,852,241
316,167,1,0,1225,607,319,35,35,607,319,607,354,642,354,642,319
317,167,1,0,1184,569,316,37,32,569,316,569,348,606,348,606,316
318,168,1,0,1224,593,312,36,34,593,312,593,346,629,346,629,312
319,168,1,0,1015,557,310,35,29,557,310,557,339,592,339,592,310
320,169,1,0,1221,598,310,37,33,598,310,598,343,635,343,635,310
321,169,1,0,1020,564,305,30,34,564,305,564,339,594,339,594,305
322,170,1,0,1444,630,304,38,38,630,304,630,342,668,342,668,304
323,170,1,0,1054,592,301,34,31,592,301,592,332,626,332,626,301
324,171,1,0,1406,666,309,38,37,666,309,666,346,704,346,704,309
325,171,1,0,1089,630,307,33,33,630,307,630,340,663,340,663,307
326,172,1,0,1404,701,311,39,36,701,311,701,347,740,347,740,311
327,172,1,0,986,663,310,34,29,663,310,663,339,697,339,697,310
328,173,1,0,1677,725,315,43,39,725,315,725,354,768,354,768,315
329,173,1,0,1406,684,311,38,37,684,311,684,348,722,348,722,311
330,174,1,0,1764,733,316,42,42,733,316,733,358,775,358,775,316
331,174,1,0,1225,694,313,35,35,694,313,694,348,729,348,729,313
332,175,1,0,1804,732,313,44,41,732,313,732,354,776,354,776,313
333,175,1,0,1476,693,308,36,41,693,308,693,349,729,349,729,308
334,176,1,0,1920,734,315,48,40,734,315,734,355,782,355,782,315
335,176,1,0,1254,693,313,38,33,693,313,693,346,731,346,731,313
336,177,1,0,1890,741,309,42,45,741,309,741,354,783,354,783,309
337,177,1,0,1672,698,306,38,44,698,306,698,350,736,350,736,306
338,178,1,0,2132,737,311,52,41,737,311,737,352,789,352,789,311
339,178,1,0,1599,693,305,41,39,693,305,693,344,734,344,734,305
340,179,1,0,2650,738,301,50,53,738,301,738,354,788,354,788,301
341,179,1,0,1600,695,304,40,40,695,304,695,344,735,344,735,304
342,180,1,0,2484,735,304,54,46,735,304,735,350,789,350,789,304
343,180,1,0,1505,691,301,43,35,691,301,691,336,734,336,734,301
344,181,1,0,1540,691,301,44,35,691,301,691,336,735,336,735,301
345,181,1,0,2193,742,303,51,43,742,303,742,346,793,346,793,303
346,182,1,0,2646,751,305,54,49,751,305,751,354,805,354,805,305
347,182,1,0,1591,701,303,43,37,701,303,701,340,744,340,744,303
348,183,1,0,2475,765,309,55,45,765,309,765,354,820,354,820,309
349,183,1,0,1638,715,303,42,39,715,303,715,342,757,342,757,303
350,184,1,0,3074,783,308,58,53,783,308,783,361,841,361,841,308
351,184,1,0,1596,732,308,42,38,732,308,732,346,774,346,774,308
352,185,1,0,3657,801,313,69,53,801,313,801,366,870,366,870,313
353,185,1,0,1800,749,311,45,40,749,311,749,351,794,351,794,311
354,186,1,0,3968,824,310,64,62,824,310,824,372,888,372,888,310
355,186,1,0,1932,767,312,46,42,767,312,767,354,813,354,813,312
356,187,1,0,4158,841,313,66,63,841,313,841,376,907,376,907,313
357,187,1,0,2024,782,313,44,46,782,313,782,359,826,359,826,313
358,188,1,0,4260,856,310,71,60,856,310,856,370,927,370,927,310
359,188,1,0,2597,788,310,53,49,788,310,788,359,841,359,841,310
360,189,1,0,4800,869,310,75,64,869,310,869,374,944,374,944,310
361,189,1,0,2646,796,312,54,49,796,312,796,361,850,361,850,312
362,190,1,0,5576,876,309,82,68,876,309,876,377,958,377,958,309
363,190,1,0,2600,805,308,50,52,805,308,805,360,855,360,855,308
364,191,1,0,6525,885,308,87,75,885,308,885,383,972,383,972,308
365,191,1,0,2968,807,312,56,53,807,312,807,365,863,365,863,312
366,192,1,0,6390,894,315,90,71,894,315,894,386,984,386,984,315
367,192,1,0,3074,810,311,58,53,810,311,810,364,868,364,868,311
368,193,1,0,7857,895,309,97,81,895,309,895,390,992,390,992,309
369,193,1,0,3300,805,309,60,55,805,309,805,364,865,364,865,309
370,194,1,0,3294,801,314,61,54,801,314,801,368,862,368,862,314
371,194,1,0,8640,893,311,108,80,893,311,893,391,1001,391,1001,311
372,195,1,0,9416,902,313,107,88,902,313,902,401,1009,401,1009,313
373,195,4,0,2590,1033,327,35,74,1033,327,1033,401,1068,401,1068,327
374,195,1,0,4012,797,313,68,59,797,313,797,372,865,372,865,313
375,196,1,0,10710,905,309,119,90,905,309,905,399,1024,399,1024,309
376,196,4,0,2516,1037,323,37,68,1037,323,1037,391,1074,391,1074,323
377,196,1,0,4071,795,309,69,59,795,309,795,368,864,368,864,309
378,197,4,0,56072,977,228,172,326,977,228,977,554,1149,554,1149,228
379,197,1,0,11858,916,307,121,98,916,307,916,405,1037,405,1037,307
380,197,1,0,4864,800,309,76,64,800,309,800,373,876,373,876,309
381,198,1,0,10864,957,306,112,97,957,306,957,403,1069,403,1069,306
382,198,4,0,30940,840,255,130,238,840,255,840,493,970,493,970,255
383,198,1,0,4284,809,309,68,63,809,309,809,372,877,372,877,309
384,199,1,0,15645,948,308,149,105,948,308,948,413,1097,413,1097,308
385,199,4,0,18666,774,261,102,183,774,261,774,444,876,444,876,261
386,200,1,0,19844,965,304,164,121,965,304,965,425,1129,425,1129,304
387,200,1,0,5576,817,308,82,68,817,308,817,376,899,376,899,308
388,200,4,0,9240,751,270,60,154,751,270,751,424,811,424,811,270
389,201,1,0,22250,986,303,178,125,986,303,986,428,1164,428,1164,303
390,201,1,0,5880,824,305,84,70,824,305,824,375,908,375,908,305
391,201,4,0,6630,717,274,51,130,717,274,717,404,768,404,768,274
392,202,4,0,4368,699,276,39,112,699,276,699,388,738,388,738,276
393,202,1,0,182928,984,0,296,618,984,0,984,618,1280,618,1280,0
394,202,1,0,6160,827,305,88,70,827,305,827,375,915,375,915,305
395,203,1,0,274300,858,0,422,650,858,0,858,650,1280,650,1280,0
396,203,4,0,3700,681,282,37,100,681,282,681,382,718,382,718,282
397,204,4,0,3080,665,291,35,88,665,291,665,379,700,379,700,291
398,204,1,0,276446,781,0,499,554,781,0,781,554,1280,554,1280,0
399,205,1,0,26928,1104,320,176,153,1104,320,1104,473,1280,473,1280,320
400,205,1,0,191835,739,65,441,435,739,65,739,500,1180,500,1180,65
401,205,4,0,2430,663,294,27,90,663,294,663,384,690,384,690,294
402,206,1,0,32364,1106,302,174,186,1106,302,1106,488,1280,488,1280,302
403,206,4,0,7700,1019,295,55,140,1019,295,1019,435,1074,435,1074,295
404,206,1,0,100534,715,118,301,334,715,118,715,452,1016,452,1016,118
405,206,4,0,1794,653,296,26,69,653,296,653,365,679,365,679,296
406,207,4,0,5282,1129,313,38,139,1129,313,1129,452,1167,452,1167,313
407,207,1,0,22876,1147,308,133,172,1147,308,1147,480,1280,480,1280,308
408,207,1,0,8184,890,311,88,93,890,311,890,404,978,404,978,311
409,207,1,0,59024,697,160,217,272,697,160,697,432,914,432,914,160
410,208,1,0,12462,860,317,134,93,860,317,860,410,994,410,994,317
411,208,1,0,42065,674,185,179,235,674,185,674,420,853,420,853,185
412,208,4,0,11856,1133,317,78,152,1133,317,1133,469,1211,469,1211,317
413,209,4,0,10500,1197,307,60,175,1197,307,1197,482,1257,482,1257,307
414,209,1,0,14060,867,315,148,95,867,315,867,410,1015,410,1015,315
415,209,1,0,28324,665,206,146,194,665,206,665,400,811,400,811,206
416,210,1,0,18837,877,309,161,117,877,309,877,426,1038,426,1038,309
417,210,1,0,21824,658,220,124,176,658,220,658,396,782,396,782,220
418,211,1,0,21780,894,306,180,121,894,306,894,427,1074,427,1074,306
419,211,1,0,16610,657,232,110,151,657,232,657,383,767,383,767,232
420,212,1,0,13959,652,235,99,141,652,235,652,376,751,376,751,235
421,212,1,0,27945,910,306,207,135,910,306,910,441,1117,441,1117,306
422,213,1,0,35100,935,305,234,150,935,305,935,455,1169,455,1169,305
423,213,1,0,12350,651,245,95,130,651,245,651,375,746,375,746,245
424,214,1,0,44156,964,302,266,166,964,302,964,468,1230,468,1230,302
425,214,1,0,10285,653,249,85,121,653,249,653,370,738,370,738,249
426,215,1,0,51057,1001,300,279,183,1001,300,1001,483,1280,483,1280,300
427,215,1,0,8769,655,257,79,111,655,257,655,368,734,368,734,257
428,216,1,0,48410,1045,294,235,206,1045,294,1045,500,1280,500,1280,294
429,216,1,0,7313,658,260,71,103,658,260,658,363,729,363,729,260
430,217,1,0,6790,657,262,70,97,657,262,657,359,727,359,727,262
431,217,1,0,35260,1108,296,172,205,1108,296,1108,501,1280,501,1280,296
432,217,1,0,11009,1020,304,101,109,1020,304,1020,413,1121,413,1121,304
433,218,1,0,5544,663,265,63,88,663,265,663,353,726,353,726,265
434,218,1,0,14022,1198,343,82,171,1198,343,1198,514,1280,514,1280,343
435,218,1,0,11880,1052,306,108,110,1052,306,1052,416,1160,416,1160,306
436,219,1,0,17145,1086,299,135,127,1086,299,1086,426,1221,426,1221,299
437,219,4,0,2403,858,299,27,89,858,299,858,388,885,388,885,299
438,219,1,0,5394,665,265,62,87,665,265,665,352,727,352,727,265
439,220,1,0,19040,1140,298,140,136,1140,298,1140,434,1280,434,1280,298
440,220,4,0,10050,955,292,67,150,955,292,955,442,1022,442,1022,292
441,220,1,0,4698,669,268,58,81,669,268,669,349,727,349,727,268
442,221,1,0,4332,671,272,57,76,671,272,671,348,728,348,728,272
443,222,1,0,3672,672,279,51,72,672,279,672,351,723,351,723,279
444,223,1,0,3087,664,290,49,63,664,290,664,353,713,353,713,290
445,224,1,0,2478,662,288,42,59,662,288,662,347,704,347,704,288
446,225,1,0,2580,656,281,43,60,656,281,656,341,699,341,699,281
447,226,1,0,2262,648,277,39,58,648,277,648,335,687,335,687,277
448,227,1,0,1998,646,279,37,54,646,279,646,333,683,333,683,279
449,228,1,0,2296,639,282,41,56,639,282,639,338,680,338,680,282
450,229,1,0,1813,633,292,37,49,633,292,633,341,670,341,670,292
451,230,1,0,1617,631,294,33,49,631,294,631,343,664,343,664,294
452,231,1,0,1496,630,296,34,44,630,296,630,340,664,340,664,296
453,232,2,0,8050,1077,350,70,115,1077,350,1077,465,1147,465,1147,350
454,233,2,0,12610,1112,350,97,130,1112,350,1112,480,1209,480,1209,350
455,234,2,0,16790,1163,350,115,146,1163,350,1163,496,1278,496,1278,350
456,235,2,0,861,722,318,21,41,722,318,722,359,743,359,743,318
457,235,2,0,6650,292,321,70,95,292,321,292,416,362,416,362,321
458,237,4,0,700,620,300,14,50,620,300,620,350,634,350,634,300
459,238,1,0,260570,0,225,734,355,0,225,0,580,734,580,734,225
460,239,4,0,1100,615,302,22,50,615,302,615,352,637,352,637,302
461,239,4,0,7905,330,261,51,155,330,261,330,416,381,416,381,261
462,240,4,0,1430,603,301,26,55,603,301,603,356,629,356,629,301
463,240,4,0,11008,260,265,64,172,260,265,260,437,324,437,324,265
464,241,4,0,22795,144,247,97,235,144,247,144,482,241,482,241,247
465,241,4,0,4551,822,290,41,111,822,290,822,401,863,401,863,290
466,242,4,0,22420,0,227,76,295,0,227,0,522,76,522,76,227
467,242,4,0,7497,882,285,49,153,882,285,882,438,931,438,931,285
468,242,4,0,1334,586,303,23,58,586,303,586,361,609,361,609,303
469,243,4,0,23850,1042,266,90,265,1042,266,1042,531,1132,531,1132,266
470,243,4,0,1407,572,299,21,67,572,299,572,366,593,366,593,299
471,244,4,0,1633,549,299,23,71,549,299,549,370,572,370,572,299
472,245,4,0,3071,520,286,37,83,520,286,520,369,557,369,557,286
473,246,4,0,3572,498,287,38,94,498,287,498,381,536,381,536,287
474,247,4,0,2262,522,299,29,78,522,299,522,377,551,377,551,299
475,247,4,0,3120,466,287,30,104,466,287,466,391,496,391,496,287
476,248,4,0,5888,415,277,46,128,415,277,415,405,461,405,461,277
477,248,4,0,3441,516,295,37,93,516,295,516,388,553,388,553,295
478,249,1,0,231986,0,204,601,386,0,204,0,590,601,590,601,204
479,250,4,0,10452,330,270,67,156,330,270,330,426,397,426,397,270
480,250,4,0,5350,503,293,50,107,503,293,503,400,553,400,553,293
481,251,4,0,17820,222,266,90,198,222,266,222,464,312,464,312,266
482,251,4,0,5082,479,296,42,121,479,296,479,417,521,417,521,296
483,252,4,0,40186,3,236,142,283,3,236,3,519,145,519,145,236
484,252,4,0,8374,439,284,53,158,439,284,439,442,492,442,492,284
485,253,4,0,15522,379,282,78,199,379,282,379,481,457,481,457,282
486,254,4,0,36036,229,255,117,308,229,255,229,563,346,563,346,255
487,255,1,0,43316,0,246,238,182,0,246,0,428,238,428,238,246
488,256,1,0,24104,0,268,131,184,0,268,0,452,131,452,131,268
489,256,1,0,1122,688,308,33,34,688,308,688,342,721,342,721,308
490,257,1,0,868,696,308,28,31,696,308,696,339,724,339,724,308
491,258,1,0,945,704,308,27,35,704,308,704,343,731,343,731,308
492,259,1,0,1110,710,309,30,37,710,309,710,346,740,346,740,309
493,260,1,0,196940,0,190,430,458,0,190,0,648,430,648,430,190
494,261,1,0,1008,720,307,28,36,720,307,720,343,748,343,748,307
495,262,1,0,1353,717,309,33,41,717,309,717,350,750,350,750,309
496,263,1,0,1517,708,309,37,41,708,309,708,350,745,350,745,309
497,264,1,0,1554,706,307,37,42,706,307,706,349,743,349,743,307
498,265,1,0,1634,703,306,38,43,703,306,703,349,741,349,741,306
499,266,1,0,1911,702,304,39,49,702,304,702,353,741,353,741,304
500,267,1,0,1892,695,304,43,44,695,304,695,348,738,348,738,304
501,268,1,0,2205,686,297,45,49,686,297,686,346,731,346,731,297
502,269,1,0,2205,686,300,45,49,686,300,686,349,731,349,731,300
503,270,1,0,2640,683,298,48,55,683,298,683,353,731,353,731,298
504,271,1,0,3074,679,310,53,58,679,310,679,368,732,368,732,310
505,272,1,0,3078,677,283,54,57,677,283,677,340,731,340,731,283
506,273,1,0,4020,678,303,60,67,678,303,678,370,738,370,738,303
507,274,1,0,4623,688,302,67,69,688,302,688,371,755,371,755,302
508,275,1,0,5846,704,300,74,79,704,300,704,379,778,379,778,300
509,276,1,0,6885,731,291,81,85,731,291,731,376,812,376,812,291
510,277,1,0,8930,753,278,94,95,753,278,753,373,847,373,847,278
511,278,1,0,12426,778,278,109,114,778,278,778,392,887,392,887,278
512,279,1,0,17415,800,284,135,129,800,284,800,413,935,413,935,284
513,280,1,0,26520,823,281,170,156,823,281,823,437,993,437,993,281
514,281,1,0,43130,862,274,227,190,862,274,862,464,1089,464,1089,274
515,282,1,0,84364,904,265,322,262,904,265,904,527,1226,527,1226,265
516,283,1,0,107143,973,253,307,349,973,253,973,602,1280,602,1280,253
517,284,1,0,63680,1120,217,160,398,1120,217,1120,615,1280,615,1280,217
518,285,1,0,192096,422,287,667,288,422,287,422,575,1089,575,1089,287
519,285,1,0,43130,1088,299,190,227,1088,299,1088,526,1278,526,1278,299
520,286,1,0,16269,880,297,187,87,880,297,880,384,1067,384,1067,297
521,287,1,0,26973,912,297,243,111,912,297,912,408,1155,408,1155,297
522,288,1,0,43540,954,287,311,140,954,287,954,427,1265,427,1265,287
523,289,1,0,38130,1034,283,246,155,1034,283,1034,438,1280,438,1280,283
524,290,1,0,27690,1138,269,142,195,1138,269,1138,464,1280,464,1280,269
525,291,4,0,5671,851,290,53,107,851,290,851,397,904,397,904,290
526,292,4,0,33306,1055,272,122,273,1055,272,1055,545,1177,545,1177,272
527,292,1,0,2881,796,307,67,43,796,307,796,350,863,350,863,307
528,293,1,0,4880,798,306,80,61,798,306,798,367,878,367,878,306
529,294,1,0,5208,801,297,84,62,801,297,801,359,885,359,885,297
530,295,1,0,5727,808,290,83,69,808,290,808,359,891,359,891,290
531,296,1,0,5916,810,291,87,68,810,291,810,359,897,359,897,291
532,297,1,0,7878,814,291,101,78,814,291,814,369,915,369,915,291
533,298,1,0,7548,826,289,102,74,826,289,826,363,928,363,928,289
534,299,1,0,8954,837,298,121,74,837,298,837,372,958,372,958,298
535,299,1,0,4656,511,301,97,48,511,301,511,349,608,349,608,301
536,300,1,0,11528,852,280,131,88,852,280,852,368,983,368,983,280
537,300,1,0,5537,487,292,113,49,487,292,487,341,600,341,600,292
538,301,1,0,14280,861,273,136,105,861,273,861,378,997,378,997,273
539,301,1,0,6765,447,288,123,55,447,288,447,343,570,343,570,288
540,302,1,0,18450,870,273,150,123,870,273,870,396,1020,396,1020,273
541,302,1,0,8142,407,292,138,59,407,292,407,351,545,351,545,292
542,303,1,0,23100,888,263,165,140,888,263,888,403,1053,403,1053,263
543,303,1,0,9648,368,283,144,67,368,283,368,350,512,350,512,283
544,304,1,0,35532,922,246,188,189,922,246,922,435,1110,435,1110,246
545,304,1,0,12312,313,285,162,76,313,285,313,361,475,361,475,285
546,305,1,0,46640,984,250,212,220,984,250,984,470,1196,470,1196,250
547,305,1,0,15747,243,280,181,87,243,280,243,367,424,367,424,280
548,306,1,0,54207,1109,222,171,317,1109,222,1109,539,1280,539,1280,222
549,306,1,0,16942,169,275,197,86,169,275,169,361,366,361,366,275
550,307,1,0,32760,1123,265,156,210,1123,265,1123,475,1279,475,1279,265
551,307,1,0,1728,730,309,64,27,730,309,730,336,794,336,794,309
552,308,1,0,1809,705,311,67,27,705,311,705,338,772,338,772,311
553,309,1,0,194400,378,294,675,288,378,294,378,582,1053,582,1053,294
554,309,1,0,62475,1023,288,255,245,1023,288,1023,533,1278,533,1278,288
555,310,1,0,3154,581,301,83,38,581,301,581,339,664,339,664,301
556,311,1,0,3854,584,320,82,47,584,320,584,367,666,367,666,320
557,312,1,0,3560,578,319,89,40,578,319,578,359,667,359,667,319
558,313,1,0,4230,568,310,94,45,568,310,568,355,662,355,662,310
559,314,1,0,4992,545,299,104,48,545,299,545,347,649,347,649,299
560,315,1,0,5876,529,304,113,52,529,304,529,356,642,356,642,304
561,316,1,0,6655,505,299,121,55,505,299,505,354,626,354,626,299
562,317,1,0,7869,477,297,129,61,477,297,477,358,606,358,606,297
563,318,1,0,10281,445,309,149,69,445,309,445,378,594,378,594,309
564,319,1,0,13148,399,303,173,76,399,303,399,379,572,379,572,303
565,320,1,0,17085,350,315,201,85,350,315,350,400,551,400,551,315
566,321,1,0,28431,269,293,243,117,269,293,269,410,512,410,512,293
567,322,1,0,42700,167,294,305,140,167,294,167,434,472,434,472,294
568,323,1,0,83421,2,286,403,207,2,286,2,493,405,493,405,286
569,324,1,0,80216,0,272,271,296,0,272,0,568,271,568,271,272
570,325,4,0,6210,921,285,54,115,921,285,921,400,975,400,975,285
571,326,4,0,34528,1169,250,104,332,1169,250,1169,582,1273,582,1273,250
572,327,4,0,2880,840,294,30,96,840,294,840,390,870,390,870,294
573,328,4,0,14938,993,283,77,194,993,283,993,477,1070,477,1070,283
574,329,1,0,16940,1078,305,154,110,1078,305,1078,415,1232,415,1232,305
575,330,1,0,9879,781,279,111,89,781,279,781,368,892,368,892,279
576,331,1,0,12558,798,283,138,91,798,283,798,374,936,374,936,283
577,332,1,0,18232,814,277,172,106,814,277,814,383,986,383,986,277
578,333,1,0,24244,843,262,209,116,843,262,843,378,1052,378,1052,262
579,334,1,0,40600,884,268,290,140,884,268,884,408,1174,408,1174,268
580,335,1,0,59150,942,249,338,175,942,249,942,424,1280,424,1280,249
581,336,1,0,56580,1034,222,246,230,1034,222,1034,452,1280,452,1280,222
582,337,4,0,5330,951,287,41,130,951,287,951,417,992,417,992,287
583,338,4,0,9295,1050,293,55,169,1050,293,1050,462,1105,462,1105,293
584,339,4,0,3160,809,298,40,79,809,298,809,377,849,377,849,298
585,340,4,0,6164,897,301,46,134,897,301,897,435,943,435,943,301
586,341,4,0,25434,1199,267,81,314,1199,267,1199,581,1280,581,1280,267
587,342,4,0,19845,977,265,81,245,977,265,977,510,1058,510,1058,265
588,342,1,0,2720,671,287,80,34,671,287,671,321,751,321,751,287
589,343,1,0,2905,715,282,83,35,715,282,715,317,798,317,798,282
590,344,1,0,3366,575,272,66,51,575,272,575,323,641,323,641,272
591,345,1,0,4524,572,274,78,58,572,274,572,332,650,332,650,274
592,346,1,0,4420,576,270,85,52,576,270,576,322,661,322,661,270
593,347,1,0,204600,336,285,682,300,336,285,336,585,1018,585,1018,285
594,347,1,0,67424,977,295,301,224,977,295,977,519,1278,519,1278,295
595,348,1,0,5510,576,274,95,58,576,274,576,332,671,332,671,274
596,349,1,0,5544,595,271,88,63,595,271,595,334,683,334,683,271
597,350,1,0,6240,606,265,96,65,606,265,606,330,702,330,702,265
598,351,1,0,7056,624,273,98,72,624,273,624,345,722,345,722,273
599,352,1,0,8600,634,272,100,86,634,272,634,358,734,358,734,272
600,353,1,0,8736,656,276,104,84,656,276,656,360,760,360,760,276
601,353,3,0,4234,781,279,73,58,781,279,781,337,854,337,854,279
602,354,1,0,10640,671,272,112,95,671,272,671,367,783,367,783,272
603,355,4,0,4819,231,256,61,79,231,256,231,335,292,335,292,256
604,355,1,0,15678,685,271,134,117,685,271,685,388,819,388,819,271
605,356,1,0,23452,705,271,164,143,705,271,705,414,869,414,869,271
606,356,4,0,8383,151,257,83,101,151,257,151,358,234,358,234,257
607,357,1,0,35776,733,271,208,172,733,271,733,443,941,443,941,271
608,357,4,0,13905,54,246,103,135,54,246,54,381,157,381,157,246
609,358,1,0,63360,771,267,288,220,771,267,771,487,1059,487,1059,267
610,359,3,0,8160,664,278,102,80,664,278,664,358,766,358,766,278
611,359,1,0,153216,832,230,448,342,832,230,832,572,1280,572,1280,230
612,360,1,0,169164,947,184,333,508,947,184,947,692,1280,692,1280,184
613,360,3,0,8100,628,278,108,75,628,278,628,353,736,353,736,278
614,361,3,0,9546,591,275,111,86,591,275,591,361,702,361,702,275
615,362,3,0,10788,552,269,116,93,552,269,552,362,668,362,668,269
616,363,3,0,12838,499,270,131,98,499,270,499,368,630,368,630,270
617,364,3,0,15158,443,267,143,106,443,267,443,373,586,373,586,267
618,365,3,0,14915,375,279,157,95,375,279,375,374,532,374,532,279
619,366,3,0,18306,311,268,162,113,311,268,311,381,473,381,473,268
620,367,3,0,19030,226,272,173,110,226,272,226,382,399,382,399,272
621,368,3,0,21186,128,284,198,107,128,284,128,391,326,391,326,284
622,369,3,0,25986,42,276,213,122,42,276,42,398,255,398,255,276
623,370,3,0,23310,0,282,185,126,0,282,0,408,185,408,185,282
624,371,4,0,10164,489,267,66,154,489,267,489,421,555,421,555,267
625,371,1,0,11537,122,300,139,83,122,300,122,383,261,383,261,300
626,371,1,0,9440,9,301,118,80,9,301,9,381,127,381,127,301
627,372,4,0,20100,638,257,100,201,638,257,638,458,738,458,738,257
628,372,1,0,14784,36,309,168,88,36,309,36,397,204,397,204,309
629,372,1,0,11856,167,301,114,104,167,301,167,405,281,405,281,301
630,373,4,0,33120,870,235,115,288,870,235,870,523,985,523,985,235
631,373,1,0,10648,230,308,121,88,230,308,230,396,351,396,351,308
632,373,1,0,12699,97,308,153,83,97,308,97,391,250,391,250,308
633,374,1,0,12782,167,322,154,83,167,322,167,405,321,405,321,322
634,374,1,0,10292,306,322,124,83,306,322,306,405,430,405,430,322
635,375,4,0,1848,758,341,22,84,758,341,758,425,780,425,780,341
636,375,1,0,13464,241,314,136,99,241,314,241,413,377,413,377,314
637,375,1,0,12328,363,328,134,92,363,328,363,420,497,420,497,328
638,376,1,0,13520,297,323,169,80,297,323,297,403,466,403,466,323
639,376,1,0,15390,430,322,162,95,430,322,430,417,592,417,592,322
640,377,1,0,17423,0,287,131,133,0,287,0,420,131,420,131,287
641,377,1,0,14792,373,333,172,86,373,333,373,419,545,419,545,333
642,377,1,0,15159,514,338,163,93,514,338,514,431,677,431,677,338
643,378,1,0,18685,598,367,185,101,598,367,598,468,783,468,783,367
644,378,1,0,15120,455,358,180,84,455,358,455,442,635,442,635,358
645,378,1,0,41072,8,302,272,151,8,302,8,453,280,453,280,302
646,379,1,0,51436,144,329,308,167,144,329,144,496,452,496,452,329
647,379,1,0,17523,557,363,177,99,557,363,557,462,734,462,734,363
648,379,1,0,17500,707,372,175,100,707,372,707,472,882,472,882,372
649,380,1,0,73528,289,312,364,202,289,312,289,514,653,514,653,312
650,380,1,0,18914,660,350,193,98,660,350,660,448,853,448,853,350
651,380,1,0,21228,819,355,183,116,819,355,819,471,1002,471,1002,355
652,380,1,0,7950,99,325,106,75,99,325,99,400,205,400,205,325
653,381,1,0,138096,454,293,504,274,454,293,454,567,958,567,958,293
654,381,1,0,23896,964,353,206,116,964,353,964,469,1170,469,1170,353
655,381,1,0,7828,218,303,103,76,218,303,218,379,321,379,321,303
656,382,1,0,239624,664,279,616,389,664,279,664,668,1280,668,1280,279
657,382,4,0,5080,503,313,40,127,503,313,503,440,543,440,543,313
658,382,1,0,7200,346,315,100,72,346,315,346,387,446,387,446,315
659,383,4,0,8003,680,301,53,151,680,301,680,452,733,452,733,301
660,383,4,0,3596,609,295,31,116,609,295,609,411,640,411,640,295
661,383,4,0,2380,412,300,34,70,412,300,412,370,446,370,446,300
662,383,1,0,7200,466,302,96,75,466,302,466,377,562,377,562,302
663,383,3,0,40950,0,316,175,234,0,316,0,550,175,550,175,316
664,383,4,0,19176,0,238,94,204,0,238,0,442,94,442,94,238
665,384,4,0,16717,921,284,73,229,921,284,921,513,994,513,994,284
666,384,4,0,7268,772,291,46,158,772,291,772,449,818,449,818,291
667,384,1,0,5920,573,301,74,80,573,301,573,381,647,381,647,301
668,384,4,0,4134,533,292,39,106,533,292,533,398,572,398,572,292
669,384,4,0,23532,42,250,111,212,42,250,42,462,153,462,153,250
670,384,3,0,50180,41,310,193,260,41,310,41,570,234,570,234,310
671,385,4,0,20768,997,279,88,236,997,279,997,515,1085,515,1085,279
672,385,4,0,4407,852,312,39,113,852,312,852,425,891,425,891,312
673,385,4,0,5453,659,288,41,133,659,288,659,421,700,421,700,288
674,385,1,0,8352,615,306,116,72,615,306,615,378,731,378,731,306
675,385,4,0,31626,79,242,126,251,79,242,79,493,205,493,205,242
676,385,3,0,60326,68,310,217,278,68,310,68,588,285,588,285,310
677,386,4,0,40032,99,228,139,288,99,228,99,516,238,516,238,228
678,386,3,0,69762,87,306,231,302,87,306,87,608,318,608,318,306
679,386,4,0,5040,941,300,42,120,941,300,941,420,983,420,983,300
680,386,4,0,13266,810,270,67,198,810,270,810,468,877,468,877,270
681,386,4,0,5358,754,282,47,114,754,282,754,396,801,396,801,282
682,386,1,0,8256,681,295,96,86,681,295,681,381,777,381,777,295
683,387,4,0,23166,1214,313,66,351,1214,313,1214,664,1280,664,1280,313
684,387,4,0,51660,1126,243,126,410,1126,243,1126,653,1252,653,1252,243
685,387,4,0,5964,1013,312,42,142,1013,312,1013,454,1055,454,1055,312
686,387,4,0,13350,880,282,75,178,880,282,880,460,955,460,955,282
687,387,1,0,10710,728,299,119,90,728,299,728,389,847,389,847,299
688,387,3,0,93956,41,307,283,332,41,307,41,639,324,639,324,307
689,387,4,0,44940,86,233,140,321,86,233,86,554,226,554,226,233
690,388,3,0,107440,0,312,316,340,0,312,0,652,316,652,316,312
691,388,4,0,63798,25,225,186,343,25,225,25,568,211,568,211,225
692,388,4,0,44208,1095,267,144,307,1095,267,1095,574,1239,574,1239,267
693,388,1,0,12052,754,306,131,92,754,306,754,398,885,398,885,306
694,389,4,0,10432,1137,315,64,163,1137,315,1137,478,1201,478,1201,315
695,389,4,0,4085,1097,309,43,95,1097,309,1097,404,1140,404,1140,309
696,389,1,0,13390,775,298,130,103,775,298,775,401,905,401,905,298
697,389,4,0,2720,678,303,34,80,678,303,678,383,712,383,712,303
698,389,3,0,84940,0,326,274,310,0,326,0,636,274,636,274,326
699,389,4,0,37128,0,204,104,357,0,204,0,561,104,561,104,204
700,389,1,0,33810,44,267,245,138,44,267,44,405,289,405,289,267
701,390,1,0,35076,18,247,237,148,18,247,18,395,255,395,255,247
702,390,3,0,64575,0,324,205,315,0,324,0,639,205,639,205,324
703,390,1,0,15540,781,298,140,111,781,298,781,409,921,409,921,298
704,390,4,0,12210,1206,320,66,185,1206,320,1206,505,1272,505,1272,320
705,390,4,0,4242,1135,314,42,101,1135,314,1135,415,1177,415,1177,314
706,390,4,0,4545,693,303,45,101,693,303,693,404,738,404,738,303
707,391,1,0,16677,788,298,153,109,788,298,788,407,941,407,941,298
708,391,4,0,693,712,308,21,33,712,308,712,341,733,341,733,308
709,391,1,0,40140,0,233,223,180,0,233,0,413,223,413,223,233
710,391,4,0,5560,1193,306,40,139,1193,306,1193,445,1233,445,1233,306
711,392,1,0,35532,0,249,189,188,0,249,0,437,189,437,189,249
712,392,1,0,16470,842,293,135,122,842,293,842,415,977,415,977,293
713,392,4,0,13248,818,279,64,207,818,279,818,486,882,486,882,279
714,393,1,0,22692,842,297,186,122,842,297,842,419,1028,419,1028,297
715,393,4,0,4094,819,300,46,89,819,300,819,389,865,389,865,300
716,393,1,0,29120,3,256,160,182,3,256,3,438,163,438,163,256
717,393,4,0,55896,1077,246,137,408,1077,246,1077,654,1214,654,1214,246
718,394,1,0,5900,844,302,59,100,844,302,844,402,903,402,903,302
719,394,1,0,30418,891,291,227,134,891,291,891,425,1118,425,1118,291
720,394,4,0,8989,970,294,89,101,970,294,970,395,1059,395,1059,294
721,394,1,0,23058,0,268,126,183,0,268,0,451,126,451,126,268
722,395,2,0,2048,723,322,32,64,723,322,723,386,755,386,755,322
723,395,2,0,1624,799,326,29,56,799,326,799,382,828,382,828,326
724,395,1,0,45720,965,287,254,180,965,287,965,467,1219,467,1219,287
725,395,1,0,8988,888,303,84,107,888,303,888,410,972,410,972,303
726,396,2,0,2294,856,328,31,74,856,328,856,402,887,402,887,328
727,396,1,0,46560,1035,284,240,194,1035,284,1035,478,1275,478,1275,284
728,396,2,0,2409,795,330,33,73,795,330,795,403,828,403,828,330
729,396,1,0,12152,946,289,98,124,946,289,946,413,1044,413,1044,289
730,397,2,0,7081,881,340,73,97,881,340,881,437,954,437,954,340
731,397,1,0,31005,1122,275,159,195,1122,275,1122,470,1281,470,1281,275
732,397,2,0,4400,930,330,50,88,930,330,930,418,980,418,980,330
733,397,1,0,24486,1004,281,154,159,1004,281,1004,440,1158,440,1158,281
734,398,2,0,37224,1025,325,188,198,1025,325,1025,523,1213,523,1213,325
735,398,4,0,28908,1040,277,146,198,1040,277,1040,475,1186,475,1186,277
736,398,2,0,912,862,321,24,38,862,321,862,359,886,359,886,321
737,398,3,0,12276,317,302,93,132,317,302,317,434,410,434,410,302
738,398,1,0,24236,1112,282,166,146,1112,282,1112,428,1278,428,1278,282
739,399,1,0,27084,1154,290,148,183,1154,290,1154,473,1302,473,1302,290
740,399,3,0,18837,276,293,117,161,276,293,276,454,393,454,393,293
741,400,3,0,25284,201,286,129,196,201,286,201,482,330,482,330,286
742,400,2,0,1470,907,325,35,42,907,325,907,367,942,367,942,325
743,400,1,0,2937,468,307,89,33,468,307,468,340,557,340,557,307
744,401,2,0,1700,912,325,34,50,912,325,912,375,946,375,946,325
745,401,3,0,48659,43,292,197,247,43,292,43,539,240,539,240,292
746,402,1,0,2345,458,316,67,35,458,316,458,351,525,351,525,316
747,402,2,0,760,927,335,20,38,927,335,927,373,947,373,947,335
748,402,2,0,714,797,334,21,34,797,334,797,368,818,368,818,334
749,403,1,0,2765,426,312,79,35,426,312,426,347,505,347,505,312
750,403,2,0,1786,801,318,38,47,801,318,801,365,839,365,839,318
751,403,2,0,2067,925,323,39,53,925,323,925,376,964,376,964,323
752,404,2,0,1300,840,333,26,50,840,333,840,383,866,383,866,333
753,404,1,0,5650,371,304,113,50,371,304,371,354,484,354,484,304
754,404,2,0,1232,944,338,28,44,944,338,944,382,972,382,972,338
755,405,2,0,4720,876,338,59,80,876,338,876,418,935,418,935,338
756,405,4,0,4180,886,299,44,95,886,299,886,394,930,394,930,299
757,405,2,0,2560,948,327,40,64,948,327,948,391,988,391,988,327
758,405,1,0,5888,340,309,128,46,340,309,340,355,468,355,468,309
759,406,4,0,6448,1020,289,52,124,1020,289,1020,413,1072,413,1072,289
760,406,1,0,7656,320,296,132,58,320,296,320,354,452,354,452,296
761,407,2,0,5159,988,327,67,77,988,327,988,404,1055,404,1055,327
762,407,1,0,7425,297,295,135,55,297,295,297,350,432,350,432,295
763,408,2,0,5412,1021,327,66,82,1021,327,1021,409,1087,409,1087,327
764,409,2,0,5525,1071,342,65,85,1071,342,1071,427,1136,427,1136,342
765,410,2,0,10528,1120,337,94,112,1120,337,1120,449,1214,449,1214,337
766,411,2,0,2967,1168,338,43,69,1168,338,1168,407,1211,407,1211,338
767,411,2,0,7788,1214,343,66,118,1214,343,1214,461,1280,461,1280,343
768,411,2,0,3080,1110,347,55,56,1110,347,1110,403,1165,403,1165,347
769,411,1,0,12474,200,290,154,81,200,290,200,371,354,371,354,290
770,412,2,0,880,784,328,22,40,784,328,784,368,806,368,806,328
771,412,2,0,3692,1164,346,52,71,1164,346,1164,417,1216,417,1216,346
772,412,2,0,5025,1210,349,67,75,1210,349,1210,424,1277,424,1277,349
773,412,2,0,3200,1003,337,50,64,1003,337,1003,401,1053,401,1053,337
774,412,1,0,13148,152,291,173,76,152,291,152,367,325,367,325,291
775,413,2,0,1728,818,338,36,48,818,338,818,386,854,386,854,338
776,413,2,0,3750,1041,338,50,75,1041,338,1041,413,1091,413,1091,338
777,413,2,0,4104,1223,354,57,72,1223,354,1223,426,1280,426,1280,354
778,413,1,0,21483,64,293,231,93,64,293,64,386,295,386,295,293
779,414,2,0,4165,887,336,49,85,887,336,887,421,936,421,936,336
780,414,1,0,25245,0,291,255,99,0,291,0,390,255,390,255,291
781,414,2,0,51660,1100,385,180,287,1100,385,1100,672,1280,672,1280,385
782,415,4,0,82840,910,256,218,380,910,256,910,636,1128,636,1128,256
783,415,1,0,23837,0,281,197,121,0,281,0,402,197,402,197,281
784,415,1,0,2279,789,313,53,43,789,313,789,356,842,356,842,313
785,415,1,0,576,661,308,24,24,661,308,661,332,685,332,685,308
786,416,4,0,44010,798,280,163,270,798,280,798,550,961,550,961,280
787,416,1,0,700,664,307,28,25,664,307,664,332,692,332,692,307
788,416,1,0,1640,543,304,41,40,543,304,543,344,584,344,584,304
789,417,4,0,27008,727,296,128,211,727,296,727,507,855,507,855,296
790,417,1,0,725,666,311,29,25,666,311,666,336,695,336,695,311
791,418,1,0,3710,813,309,70,53,813,309,813,362,883,362,883,309
792,418,4,0,16185,673,272,83,195,673,272,673,467,756,467,756,272
793,418,1,0,2530,520,302,55,46,520,302,520,348,575,348,575,302
794,419,1,0,4320,826,310,72,60,826,310,826,370,898,370,898,310
795,419,2,0,2124,474,324,36,59,474,324,474,383,510,383,510,324
796,419,1,0,2915,515,304,53,55,515,304,515,359,568,359,568,304
797,419,2,0,13940,628,330,85,164,628,330,628,494,713,494,713,330
798,420,1,0,5481,841,308,87,63,841,308,841,371,928,371,928,308
799,420,2,0,10080,600,331,72,140,600,331,600,471,672,471,672,331
800,420,2,0,2201,449,326,31,71,449,326,449,397,480,397,480,326
801,420,2,0,494,707,319,19,26,707,319,707,345,726,345,726,319
802,420,1,0,3721,498,297,61,61,498,297,498,358,559,358,559,297
803,420,2,0,3666,988,337,47,78,988,337,988,415,1035,415,1035,337
804,421,1,0,5063,863,311,83,61,863,311,863,372,946,372,946,311
805,421,2,0,7488,590,339,72,104,590,339,590,443,662,443,662,339
806,421,1,0,754,680,313,29,26,680,313,680,339,709,339,709,313
807,421,4,0,2952,448,297,41,72,448,297,448,369,489,369,489,297
808,421,2,0,6596,421,326,68,97,421,326,421,423,489,423,489,326
809,422,4,0,6327,402,294,57,111,402,294,402,405,459,405,459,294
810,422,1,0,891,685,311,33,27,685,311,685,338,718,338,718,311
811,422,2,0,7777,1124,343,77,101,1124,343,1124,444,1201,444,1201,343
812,422,2,0,8804,583,306,71,124,583,306,583,430,654,430,654,306
813,422,1,0,8468,886,308,116,73,886,308,886,381,1002,381,1002,308
814,422,1,0,3795,486,307,69,55,486,307,486,362,555,362,555,307
815,422,2,0,13482,356,317,107,126,356,317,356,443,463,443,463,317
816,423,1,0,10660,922,307,130,82,922,307,922,389,1052,389,1052,307
817,423,1,0,1088,692,308,32,34,692,308,692,342,724,342,724,308
818,423,2,0,20904,270,329,134,156,270,329,270,485,404,485,404,329
819,423,4,0,8925,340,282,51,175,340,282,340,457,391,457,391,282
820,423,1,0,7140,469,297,85,84,469,297,469,381,554,381,554,297
821,423,2,0,6649,585,321,61,109,585,321,585,430,646,430,646,321
822,424,1,0,11537,968,317,139,83,968,317,968,400,1107,400,1107,317
823,424,1,0,1440,701,307,36,40,701,307,701,347,737,347,737,307
824,424,2,0,46893,89,355,231,203,89,355,89,558,320,558,320,355
825,424,1,0,6552,455,305,91,72,455,305,455,377,546,377,546,305
826,424,2,0,4641,592,320,51,91,592,320,592,411,643,411,643,320
827,424,4,0,22512,218,274,84,268,218,274,218,542,302,542,302,274
828,425,1,0,1720,706,309,43,40,706,309,706,349,749,349,749,309
829,425,1,0,9737,430,296,107,91,430,296,430,387,537,387,537,296
830,425,1,0,18585,245,283,177,105,245,283,245,388,422,388,422,283
831,425,4,0,85654,1006,234,226,379,1006,234,1006,613,1232,613,1232,234
832,426,4,0,49868,863,248,182,274,863,248,863,522,1045,522,1045,248
833,426,1,0,2346,709,308,51,46,709,308,709,354,760,354,760,308
834,426,1,0,25953,1064,312,211,123,1064,312,1064,435,1275,435,1275,312
835,426,1,0,14100,383,297,141,100,383,297,383,397,524,397,524,297
836,426,1,0,35375,95,273,283,125,95,273,95,398,378,398,378,273
837,427,4,0,38192,779,261,154,248,779,261,779,509,933,509,933,261
838,427,2,0,28674,765,388,162,177,765,388,765,565,927,565,927,388
839,427,1,0,2550,715,305,51,50,715,305,715,355,766,355,766,305
840,427,2,0,2886,602,316,39,74,602,316,602,390,641,390,641,316
841,427,1,0,52326,0,252,323,162,0,252,0,414,323,414,323,252
842,427,1,0,19684,1132,315,148,133,1132,315,1132,448,1280,448,1280,315
843,427,1,0,19680,330,288,164,120,330,288,330,408,494,408,494,288
844,428,4,0,26760,719,269,120,223,719,269,719,492,839,492,839,269
845,428,1,0,32283,253,284,211,153,253,284,253,437,464,437,464,284
846,428,2,0,10586,962,321,79,134,962,321,962,455,1041,455,1041,321
847,428,2,0,2040,607,321,34,60,607,321,607,381,641,381,641,321
848,428,2,0,31652,700,336,164,193,700,336,700,529,864,529,864,336
849,428,4,0,3649,983,297,41,89,983,297,983,386,1024,386,1024,297
850,428,1,0,46299,0,244,253,183,0,244,0,427,253,427,253,244
851,429,2,0,23640,663,318,120,197,663,318,663,515,783,515,783,318
852,429,1,0,61915,105,272,305,203,105,272,105,475,410,475,410,272
853,429,2,0,2613,602,323,39,67,602,323,602,390,641,390,641,323
854,429,2,0,27750,1155,358,125,222,1155,358,1155,580,1280,580,1280,358
855,430,1,0,7161,744,308,93,77,744,308,744,385,837,385,837,308
856,430,2,0,15088,648,337,92,164,648,337,648,501,740,501,740,337
857,430,1,0,103005,3,243,327,315,3,243,3,558,330,558,330,243
858,430,2,0,1750,608,328,35,50,608,328,608,378,643,378,643,328
859,431,1,0,12573,770,301,127,99,770,301,770,400,897,400,897,301
860,431,1,0,47545,5,279,185,257,5,279,5,536,190,536,190,279
861,431,1,0,34040,149,288,230,148,149,288,149,436,379,436,379,288
862,431,2,0,11771,635,325,79,149,635,325,635,474,714,474,714,325
863,432,1,0,32342,806,284,206,157,806,284,806,441,1012,441,1012,284
864,432,2,0,665,738,321,19,35,738,321,738,356,757,356,757,321
865,432,2,0,10406,618,348,86,121,618,348,618,469,704,469,704,348
866,432,1,0,42848,2,294,206,208,2,294,2,502,208,502,208,294
867,433,1,0,96264,898,267,382,252,898,267,898,519,1280,519,1280,267
868,433,4,0,6240,632,278,52,120,632,278,632,398,684,398,684,278
869,433,1,0,2808,543,299,52,54,543,299,543,353,595,353,595,299
870,433,1,0,918,592,308,34,27,592,308,592,335,626,335,626,308
871,434,2,0,528,749,323,16,33,749,323,749,356,765,356,765,323
872,434,2,0,8442,622,302,63,134,622,302,622,436,685,436,685,302
873,434,2,0,1680,934,323,42,40,934,323,934,363,976,363,976,323
874,434,2,0,1035,779,320,23,45,779,320,779,365,802,365,802,320
875,435,1,0,1400,585,301,40,35,585,301,585,336,625,336,625,301
876,435,1,0,4899,520,286,69,71,520,286,520,357,589,357,589,286
877,435,2,0,1881,813,315,33,57,813,315,813,372,846,372,846,315
878,435,2,0,8496,617,314,72,118,617,314,617,432,689,432,689,314
879,435,2,0,1404,767,302,27,52,767,302,767,354,794,354,794,302
880,435,2,0,2400,967,311,48,50,967,311,967,361,1015,361,1015,311
881,436,1,0,5250,511,297,70,75,511,297,511,372,581,372,581,297
882,436,1,0,1591,580,309,43,37,580,309,580,346,623,346,623,309
883,436,2,0,4466,245,323,77,58,245,323,245,381,322,381,322,323
884,436,2,0,4860,849,320,60,81,849,320,849,401,909,401,909,320
885,436,2,0,2700,1006,320,50,54,1006,320,1006,374,1056,374,1056,320
886,436,2,0,1836,790,318,36,51,790,318,790,369,826,369,826,318
887,436,2,0,9471,618,316,77,123,618,316,618,439,695,439,695,316
888,437,2,0,9944,937,324,88,113,937,324,937,437,1025,437,1025,324
889,437,4,0,4750,958,291,38,125,958,291,958,416,996,416,996,291
890,437,2,0,4234,1055,313,58,73,1055,313,1055,386,1113,386,1113,313
891,437,1,0,1890,574,301,45,42,574,301,574,343,619,343,619,301
892,437,1,0,7553,485,288,91,83,485,288,485,371,576,371,576,288
893,437,2,0,7659,160,319,111,69,160,319,160,388,271,388,271,319
894,437,2,0,7770,615,320,70,111,615,320,615,431,685,431,685,320
895,437,2,0,2880,822,314,45,64,822,314,822,378,867,378,867,314
896,437,2,0,1316,733,315,28,47,733,315,733,362,761,362,761,315
897,438,1,0,9600,462,287,100,96,462,287,462,383,562,383,562,287
898,438,1,0,2254,567,302,49,46,567,302,567,348,616,348,616,302
899,438,2,0,6625,623,308,53,125,623,308,623,433,676,433,676,308
900,438,2,0,1856,754,311,32,58,754,311,754,369,786,369,786,311
901,438,2,0,4452,882,317,53,84,882,317,882,401,935,401,935,317
902,438,2,0,4392,1116,320,61,72,1116,320,1116,392,1177,392,1177,320
903,438,2,0,24696,1154,330,126,196,1154,330,1154,526,1280,526,1280,330
904,438,4,0,14742,1215,277,63,234,1215,277,1215,511,1278,511,1278,277
905,438,2,0,11132,68,313,121,92,68,313,68,405,189,405,189,313
906,439,2,0,11284,977,319,91,124,977,319,977,443,1068,443,1068,319
907,439,2,0,6825,1192,319,75,91,1192,319,1192,410,1267,410,1267,319
908,439,2,0,3010,786,319,43,70,786,319,786,389,829,389,829,319
909,439,2,0,5858,617,323,58,101,617,323,617,424,675,424,675,323
910,439,1,0,2600,558,301,52,50,558,301,558,351,610,351,610,301
911,439,1,0,14030,425,280,122,115,425,280,425,395,547,395,547,280
912,439,2,0,2436,916,317,58,42,916,317,916,359,974,359,974,317
913,440,2,0,8798,838,318,83,106,838,318,838,424,921,424,921,318
914,440,2,0,3552,936,318,74,48,936,318,936,366,1010,366,1010,318
915,440,2,0,14892,1177,370,102,146,1177,370,1177,516,1279,516,1279,370
916,440,4,0,10976,1224,275,56,196,1224,275,1224,471,1280,471,1280,275
917,440,1,0,2856,552,301,51,56,552,301,552,357,603,357,603,301
918,440,1,0,21060,372,275,156,135,372,275,372,410,528,410,528,275
919,440,2,0,8056,595,321,76,106,595,321,595,427,671,427,671,321
920,441,1,0,2408,541,306,56,43,541,306,541,349,597,349,597,306
921,441,4,0,24444,997,273,126,194,997,273,997,467,1123,467,1123,273
922,441,2,0,6804,589,320,63,108,589,320,589,428,652,428,652,320
923,441,2,0,29726,984,342,167,178,984,342,984,520,1151,520,1151,342
924,441,1,0,29760,323,265,186,160,323,265,323,425,509,425,509,265
925,442,1,0,57200,172,255,286,200,172,255,172,455,458,455,458,255
926,442,1,0,3596,522,298,62,58,522,298,522,356,584,356,584,298
927,442,2,0,7571,577,310,67,113,577,310,577,423,644,423,644,310
928,442,2,0,5074,1004,328,86,59,1004,328,1004,387,1090,387,1090,328
929,443,1,0,114800,0,234,400,287,0,234,0,521,400,521,400,234
930,443,1,0,4745,510,301,73,65,510,301,510,366,583,366,583,301
931,443,2,0,7722,578,312,66,117,578,312,578,429,644,429,644,312
932,443,2,0,6600,1050,333,100,66,1050,333,1050,399,1150,399,1150,333
933,444,2,0,10044,1121,328,124,81,1121,328,1121,409,1245,409,1245,328
934,444,2,0,1230,781,329,30,41,781,329,781,370,811,370,811,329
935,444,2,0,6834,586,314,67,102,586,314,586,416,653,416,653,314
936,444,1,0,128633,0,204,307,419,0,204,0,623,307,623,307,204
937,444,1,0,5600,502,298,80,70,502,298,502,368,582,368,582,298
938,445,1,0,7644,485,294,98,78,485,294,485,372,583,372,583,294
939,445,2,0,7236,597,310,67,108,597,310,597,418,664,418,664,310
940,445,2,0,2542,807,321,41,62,807,321,807,383,848,383,848,321
941,445,2,0,4374,342,317,54,81,342,317,342,398,396,398,396,317
942,445,2,0,5382,1210,346,69,78,1210,346,1210,424,1279,424,1279,346
943,446,1,0,9612,462,294,108,89,462,294,462,383,570,383,570,294
944,446,2,0,4980,288,321,60,83,288,321,288,404,348,404,348,321
945,446,2,0,5278,600,329,58,91,600,329,600,420,658,420,658,329
946,446,2,0,3996,839,331,54,74,839,331,839,405,893,405,893,331
947,447,1,0,198912,291,294,672,296,291,294,291,590,963,590,963,294
948,447,1,0,81432,931,289,348,234,931,289,931,523,1279,523,1279,289
949,448,1,0,14231,423,291,133,107,423,291,423,398,556,398,556,291
950,448,4,0,4982,918,306,47,106,918,306,918,412,965,412,965,306
951,448,4,0,4992,602,294,48,104,602,294,602,398,650,398,650,294
952,449,2,0,16644,1044,354,114,146,1044,354,1044,500,1158,500,1158,354
953,449,2,0,6262,597,322,62,101,597,322,597,423,659,423,659,322
954,449,2,0,2479,822,330,37,67,822,330,822,397,859,397,859,330
955,449,1,0,19824,375,291,168,118,375,291,375,409,543,409,543,291
956,449,2,0,10608,112,323,78,136,112,323,112,459,190,459,190,323
957,450,1,0,33654,298,279,213,158,298,279,298,437,511,437,511,279
958,450,2,0,4732,862,332,52,91,862,332,862,423,914,423,914,332
959,450,2,0,5586,594,319,57,98,594,319,594,417,651,417,651,319
960,450,2,0,2146,798,330,37,58,798,330,798,388,835,388,835,330
961,450,2,0,1035,668,314,23,45,668,314,668,359,691,359,691,314
962,451,2,0,6699,936,361,77,87,936,361,936,448,1013,448,1013,361
963,451,1,0,66992,154,273,316,212,154,273,154,485,470,485,470,273
964,451,2,0,4888,607,311,52,94,607,311,607,405,659,405,659,311
965,451,4,0,4746,944,301,42,113,944,301,944,414,986,414,986,301
966,451,2,0,2752,820,334,43,64,820,334,820,398,863,398,863,334
967,452,4,0,1200,575,299,25,48,575,299,575,347,600,347,600,299
968,452,2,0,6798,868,326,66,103,868,326,868,429,934,429,934,326
969,452,2,0,4700,602,327,50,94,602,327,602,421,652,421,652,327
970,452,1,0,118988,0,255,394,302,0,255,0,557,394,557,394,255
971,452,2,0,36024,1122,349,158,228,1122,349,1122,577,1280,577,1280,349
972,453,3,0,2940,559,299,42,70,559,299,559,369,601,369,601,299
973,453,4,0,5900,274,300,50,118,274,300,274,418,324,418,324,300
974,453,2,0,5035,613,325,53,95,613,325,613,420,666,420,666,325
975,453,1,0,133444,0,206,292,457,0,206,0,663,292,663,292,206
976,453,2,0,22110,934,325,134,165,934,325,934,490,1068,490,1068,325
977,453,4,0,12482,955,286,79,158,955,286,955,444,1034,444,1034,286
978,453,1,0,2385,517,299,45,53,517,299,517,352,562,352,562,299
979,453,1,0,9828,288,290,126,78,288,290,288,368,414,368,414,290
980,454,4,0,12144,106,288,69,176,106,288,106,464,175,464,175,288
981,454,2,0,13224,86,330,87,152,86,330,86,482,173,482,173,330
982,454,4,0,6705,170,284,45,149,170,284,170,433,215,433,215,284
983,454,2,0,11484,118,346,132,87,118,346,118,433,250,433,250,346
984,454,2,0,7668,604,308,71,108,604,308,604,416,675,416,675,308
985,454,3,0,4293,538,289,53,81,538,289,538,370,591,370,591,289
986,454,1,0,2650,500,296,50,53,500,296,500,349,550,349,550,296
987,454,1,0,17523,188,277,177,99,188,277,188,376,365,376,365,277
988,455,4,0,16960,0,269,80,212,0,269,0,481,80,481,80,269
989,455,3,0,4420,527,286,52,85,527,286,527,371,579,371,579,286
990,455,2,0,7169,604,298,67,107,604,298,604,405,671,405,671,298
991,456,4,0,7770,495,279,70,111,495,279,495,390,565,390,565,279
992,456,1,0,29700,0,274,220,135,0,274,0,409,220,409,220,274
993,456,2,0,7107,586,306,69,103,586,306,586,409,655,409,655,306
994,457,3,0,7560,470,294,70,108,470,294,470,402,540,402,540,294
995,457,2,0,6344,582,315,61,104,582,315,582,419,643,419,643,315
996,458,3,0,10120,437,295,88,115,437,295,437,410,525,410,525,295
997,458,2,0,5856,570,322,61,96,570,322,570,418,631,418,631,322
998,459,2,0,6901,560,315,67,103,560,315,560,418,627,418,627,315
999,459,3,0,13095,398,298,97,135,398,298,398,433,495,433,495,298
1000,459,4,0,4945,412,279,43,115,412,279,412,394,455,394,455,279
1001,460,2,0,6566,538,315,67,98,538,315,538,413,605,413,605,315
1002,460,3,0,27213,323,265,141,193,323,265,323,458,464,458,464,265
1003,461,2,0,5335,527,316,55,97,527,316,527,413,582,413,582,316
1004,461,4,0,18915,254,267,97,195,254,267,254,462,351,462,351,267
1005,461,3,0,42921,232,262,171,251,232,262,232,513,403,513,403,262
1006,462,3,0,10375,391,308,83,125,391,308,391,433,474,433,474,308
1007,462,2,0,5700,605,319,57,100,605,319,605,419,662,419,662,319
1008,463,2,0,3577,874,329,49,73,874,329,874,402,923,402,923,329
1009,463,2,0,3432,630,319,44,78,630,319,630,397,674,397,674,319
1010,463,2,0,3108,490,316,42,74,490,316,490,390,532,390,532,316
1011,464,1,0,38850,778,283,222,175,778,283,778,458,1000,458,1000,283
1012,464,4,0,14707,381,287,77,191,381,287,381,478,458,478,458,287
1013,465,4,0,48300,203,279,161,300,203,279,203,579,364,579,364,279
1014,465,1,0,151528,904,248,376,403,904,248,904,651,1280,651,1280,248
1015,465,2,0,5074,459,338,86,59,459,338,459,397,545,397,545,338
1016,465,2,0,6464,587,305,64,101,587,305,587,406,651,406,651,305
1017,465,4,0,3116,477,303,38,82,477,303,477,385,515,385,515,303
1018,466,4,0,5439,397,294,49,111,397,294,397,405,446,405,446,294
1019,466,4,0,1566,578,294,29,54,578,294,578,348,607,348,607,294
1020,466,1,0,25938,938,291,198,131,938,291,938,422,1136,422,1136,291
1021,467,4,0,39026,46,273,158,247,46,273,46,520,204,520,204,273
1022,467,2,0,1590,607,316,30,53,607,316,607,369,637,369,637,316
1023,467,2,0,49600,48,352,200,248,48,352,48,600,248,600,248,352
1024,467,2,0,4131,555,318,51,81,555,318,555,399,606,399,606,318
1025,467,1,0,4770,215,278,90,53,215,278,215,331,305,331,305,278
1026,467,2,0,3552,833,326,48,74,833,326,833,400,881,400,881,326
1027,467,2,0,1650,742,321,30,55,742,321,742,376,772,376,772,321
1028,468,1,0,7353,34,288,129,57,34,288,34,345,163,345,163,288
1029,468,2,0,23478,1130,334,129,182,1130,334,1130,516,1259,516,1259,334
1030,468,4,0,1400,587,299,28,50,587,299,587,349,615,349,615,299
1031,468,2,0,6448,853,316,62,104,853,316,853,420,915,420,915,316
1032,468,2,0,4104,569,325,57,72,569,325,569,397,626,397,626,325
1033,469,1,0,7808,0,283,122,64,0,283,0,347,122,347,122,283
1034,469,4,0,10260,1011,283,60,171,1011,283,1011,454,1071,454,1071,283
1035,469,1,0,3978,87,277,78,51,87,277,87,328,165,328,165,277
1036,469,1,0,5390,193,277,98,55,193,277,193,332,291,332,291,277
1037,470,1,0,6290,0,282,85,74,0,282,0,356,85,356,85,282
1038,470,1,0,4420,57,278,85,52,57,278,57,330,142,330,142,278
1039,470,1,0,6300,179,273,105,60,179,273,179,333,284,333,284,273
1040,471,2,0,1260,784,325,28,45,784,325,784,370,812,370,812,325
1041,471,2,0,3588,639,310,46,78,639,310,639,388,685,388,685,310
1042,471,3,0,3234,829,312,49,66,829,312,829,378,878,378,878,312
1043,472,2,0,4992,601,301,52,96,601,301,601,397,653,397,653,301
1044,472,2,0,1456,805,323,26,56,805,323,805,379,831,379,831,323
1045,472,3,0,5460,851,301,60,91,851,301,851,392,911,392,911,301
1046,473,2,0,29862,1087,347,158,189,1087,347,1087,536,1245,536,1245,347
1047,473,3,0,10788,1012,332,87,124,1012,332,1012,456,1099,456,1099,332
1048,473,4,0,5200,1028,288,50,104,1028,288,1028,392,1078,392,1078,288
1049,473,4,0,14350,1104,291,70,205,1104,291,1104,496,1174,496,1174,291
1050,473,2,0,3608,609,310,41,88,609,310,609,398,650,398,650,310
1051,474,2,0,3216,668,320,48,67,668,320,668,387,716,387,716,320
1052,474,2,0,1400,726,311,28,50,726,311,726,361,754,361,754,311
1053,474,1,0,16426,119,310,191,86,119,310,119,396,310,396,310,310
1054,475,2,0,3600,685,321,50,72,685,321,685,393,735,393,735,321
1055,475,1,0,23835,19,301,227,105,19,301,19,406,246,406,246,301
1056,476,2,0,3760,732,315,47,80,732,315,732,395,779,395,779,315
1057,476,2,0,1904,790,316,34,56,790,316,790,372,824,372,824,316
1058,476,1,0,4864,905,304,76,64,905,304,905,368,981,368,981,304
1059,476,1,0,5616,1115,300,104,54,1115,300,1115,354,1219,354,1219,300
1060,476,1,0,2295,980,304,51,45,980,304,980,349,1031,349,1031,304
1061,477,1,0,21042,928,292,167,126,928,292,928,418,1095,418,1095,292
1062,477,1,0,4920,1093,302,120,41,1093,302,1093,343,1213,343,1213,302
1063,477,2,0,2555,723,316,35,73,723,316,723,389,758,389,758,316
1064,477,2,0,1736,769,307,31,56,769,307,769,363,800,363,800,307
1065,478,1,0,58035,1015,282,265,219,1015,282,1015,501,1280,501,1280,282
1066,478,1,0,2784,907,305,58,48,907,305,907,353,965,353,965,305
1067,479,2,0,3542,692,316,46,77,692,316,692,393,738,393,738,316
1068,479,1,0,6550,1077,297,131,50,1077,297,1077,347,1208,347,1208,297
1069,479,2,0,3239,1090,324,79,41,1090,324,1090,365,1169,365,1169,324
1070,479,2,0,1736,892,313,31,56,892,313,892,369,923,369,923,313
1071,480,2,0,3240,614,316,40,81,614,316,614,397,654,397,654,316
1072,480,4,0,3404,925,311,37,92,925,311,925,403,962,403,962,311
1073,480,2,0,2622,519,312,38,69,519,312,519,381,557,381,557,312
1074,480,1,0,1333,720,311,43,31,720,311,720,342,763,342,763,311
1075,480,1,0,1326,662,303,34,39,662,303,662,342,696,342,696,303
1076,480,1,0,3024,556,294,54,56,556,294,556,350,610,350,610,294
1077,481,4,0,3534,968,310,38,93,968,310,968,403,1006,403,1006,310
1078,481,1,0,1548,659,301,43,36,659,301,659,337,702,337,702,301
1079,481,1,0,1598,721,309,47,34,721,309,721,343,768,343,768,309
1080,481,2,0,3652,616,303,44,83,616,303,616,386,660,386,660,303
1081,481,1,0,3420,548,296,60,57,548,296,548,353,608,353,608,296
1082,481,2,0,2730,498,319,42,65,498,319,498,384,540,384,540,319
1083,482,1,0,218766,208,290,722,303,208,290,208,593,930,593,930,290
1084,482,1,0,88080,913,284,367,240,913,284,913,524,1280,524,1280,284
1085,483,1,0,17554,406,282,134,131,406,282,406,413,540,413,540,282
1086,483,1,0,14175,735,300,135,105,735,300,735,405,870,405,870,300
1087,483,1,0,1890,559,304,42,45,559,304,559,349,601,349,601,304
1088,483,4,0,23120,0,280,85,272,0,280,0,552,85,552,85,280
1089,483,4,0,14940,111,256,60,249,111,256,111,505,171,505,171,256
1090,483,4,0,7434,255,284,63,118,255,284,255,402,318,402,318,284
1091,484,1,0,31752,762,299,216,147,762,299,762,446,978,446,978,299
1092,484,1,0,980,663,313,35,28,663,313,663,341,698,341,698,313
1093,484,1,0,27885,339,285,169,165,339,285,339,450,508,450,508,285
1094,484,2,0,3388,595,327,44,77,595,327,595,404,639,404,639,327
1095,484,4,0,7776,79,286,72,108,79,286,79,394,151,394,151,286
1096,484,1,0,4290,503,297,66,65,503,297,503,362,569,362,569,297
1097,484,2,0,31080,215,318,140,222,215,318,215,540,355,540,355,318
1098,484,4,0,9313,13,263,67,139,13,263,13,402,80,402,80,263
1099,484,2,0,55683,0,366,207,269,0,366,0,635,207,635,207,366
1100,485,1,0,113300,838,279,412,275,838,279,838,554,1250,554,1250,279
1101,485,1,0,50932,232,269,238,214,232,269,232,483,470,483,470,269
1102,485,1,0,2021,662,303,43,47,662,303,662,350,705,350,705,303
1103,485,1,0,4536,791,310,72,63,791,310,791,373,863,373,863,310
1104,485,4,0,1794,587,299,26,69,587,299,587,368,613,368,613,299
1105,485,1,0,5538,488,292,71,78,488,292,488,370,559,370,559,292
1106,486,1,0,29402,1003,311,241,122,1003,311,1003,433,1244,433,1244,311
1107,486,2,0,1960,696,302,35,56,696,302,696,358,731,358,731,302
1108,486,2,0,6728,601,298,58,116,601,298,601,414,659,414,659,298
1109,486,1,0,16642,772,296,157,106,772,296,772,402,929,402,929,296
1110,486,1,0,30807,334,270,189,163,334,270,334,433,523,433,523,270
1111,486,4,0,1881,603,287,33,57,603,287,603,344,636,344,636,287
1112,487,1,0,34226,816,288,218,157,816,288,816,445,1034,445,1034,288
1113,487,1,0,34444,1055,307,218,158,1055,307,1055,465,1273,465,1273,307
1114,487,2,0,6944,574,320,62,112,574,320,574,432,636,432,636,320
1115,487,2,0,1140,713,330,30,38,713,330,713,368,743,368,743,330
1116,487,1,0,57835,232,251,269,215,232,251,232,466,501,466,501,251
1117,487,4,0,4900,585,290,50,98,585,290,585,388,635,388,635,290
1118,488,1,0,3360,538,297,60,56,538,297,538,353,598,353,598,297
1119,488,4,0,10582,456,286,74,143,456,286,456,429,530,429,530,286
1120,488,1,0,1254,717,308,38,33,717,308,717,341,755,341,755,308
1121,488,1,0,158844,0,192,366,434,0,192,0,626,366,626,366,192
1122,488,1,0,56950,1146,229,134,425,1146,229,1146,654,1280,654,1280,229
1123,489,1,0,59682,193,272,294,203,193,272,193,475,487,475,487,272
1124,490,1,0,43977,888,280,321,137,888,280,888,417,1209,417,1209,280
1125,490,4,0,2480,823,313,31,80,823,313,823,393,854,393,854,313
1126,490,1,0,575,575,318,25,23,575,318,575,341,600,341,600,318
1127,490,1,0,1089,531,310,33,33,531,310,531,343,564,343,564,310
1128,490,1,0,1656,710,312,46,36,710,312,710,348,756,348,756,312
1129,490,4,0,28920,172,263,120,241,172,263,172,504,292,504,292,263
1130,491,2,0,4692,808,317,51,92,808,317,808,409,859,409,859,317
1131,491,1,0,69384,38,240,294,236,38,240,38,476,332,476,332,240
1132,491,2,0,1056,753,331,24,44,753,331,753,375,777,375,777,331
1133,491,1,0,19908,410,289,158,126,410,289,410,415,568,415,568,289
1134,492,1,0,152640,12,231,477,320,12,231,12,551,489,551,489,231
1135,492,1,0,3420,820,306,76,45,820,306,820,351,896,351,896,306
1136,492,1,0,528,649,306,24,22,649,306,649,328,673,328,673,306
1137,493,1,0,86940,124,270,378,230,124,270,124,500,502,500,502,270
1138,493,2,0,3080,835,323,40,77,835,323,835,400,875,400,875,323
1139,493,2,0,12600,541,320,84,150,541,320,541,470,625,470,625,320
1140,493,1,0,15554,946,295,202,77,946,295,946,372,1148,372,1148,295
1141,493,2,0,4368,1066,311,56,78,1066,311,1066,389,1122,389,1122,311
1142,493,2,0,10248,2,306,61,168,2,306,2,474,63,474,63,306
1143,494,1,0,1681,682,301,41,41,682,301,682,342,723,342,723,301
1144,494,1,0,18336,1089,304,191,96,1089,304,1089,400,1280,400,1280,304
1145,494,4,0,19380,415,246,102,190,415,246,415,436,517,436,517,246
1146,494,1,0,6000,899,299,100,60,899,299,899,359,999,359,999,299
1147,495,1,0,6232,745,293,82,76,745,293,745,369,827,369,827,293
1148,495,4,0,41580,344,246,132,315,344,246,344,561,476,561,476,246
1149,496,1,0,8036,761,293,98,82,761,293,761,375,859,375,859,293
1150,496,2,0,60348,326,352,214,282,326,352,326,634,540,634,540,352
1151,496,4,0,33384,397,263,107,312,397,263,397,575,504,575,504,263
1152,497,4,0,2025,843,295,27,75,843,295,843,370,870,370,870,295
1153,497,4,0,4368,441,284,52,84,441,284,441,368,493,368,493,284
1154,497,4,0,17376,525,254,96,181,525,254,525,435,621,435,621,254
1155,498,2,0,40870,0,329,134,305,0,329,0,634,134,634,134,329
1156,498,2,0,34432,547,328,128,269,547,328,547,597,675,597,675,328
1157,498,4,0,22616,573,261,88,257,573,261,573,518,661,518,661,261
1158,499,4,0,4554,428,314,46,99,428,314,428,413,474,413,474,314
1159,499,4,0,11937,593,267,69,173,593,267,593,440,662,440,662,267
1160,499,1,0,4617,443,312,81,57,443,312,443,369,524,369,524,312
1161,500,1,0,12183,352,305,131,93,352,305,352,398,483,398,483,305
1162,500,4,0,11682,273,298,66,177,273,298,273,475,339,475,339,298
1163,500,2,0,27507,188,330,159,173,188,330,188,503,347,503,347,330
1164,500,2,0,21462,1124,335,146,147,1124,335,1124,482,1270,482,1270,335
1165,500,4,0,15399,1153,297,87,177,1153,297,1153,474,1240,474,1240,297
1166,500,2,0,4050,838,326,54,75,838,326,838,401,892,401,892,326
1167,500,2,0,3700,738,319,50,74,738,319,738,393,788,393,788,319
1168,500,2,0,19890,602,309,102,195,602,309,602,504,704,504,704,309
1169,501,4,0,1770,490,300,30,59,490,300,490,359,520,359,520,300
1170,501,4,0,1300,565,302,26,50,565,302,565,352,591,352,591,302
1171,501,1,0,2970,633,298,55,54,633,298,633,352,688,352,688,298
1172,501,1,0,2600,731,304,52,50,731,304,731,354,783,354,783,304
1173,502,3,0,32640,0,372,170,192,0,372,0,564,170,564,170,372
1174,502,1,0,2484,608,306,46,54,608,306,608,360,654,360,654,306
1175,502,1,0,8960,751,305,112,80,751,305,751,385,863,385,863,305
1176,502,2,0,6786,876,357,87,78,876,357,876,435,963,435,963,357
1177,502,4,0,16302,0,273,57,286,0,273,0,559,57,559,57,273
1178,502,4,0,9180,390,292,68,135,390,292,390,427,458,427,458,292
1179,502,4,0,4536,898,298,36,126,898,298,898,424,934,424,934,298
1180,502,1,0,8470,874,314,154,55,874,314,874,369,1028,369,1028,314
1181,503,1,0,59000,985,290,295,200,985,290,985,490,1280,490,1280,290
1182,503,1,0,7029,870,311,99,71,870,311,870,382,969,382,969,311
1183,503,1,0,2193,659,305,43,51,659,305,659,356,702,356,702,305
1184,504,2,0,10153,13,269,71,143,13,269,13,412,84,412,84,269
1185,505,2,0,8468,721,314,73,116,721,314,721,430,794,430,794,314
1186,505,1,0,4700,794,310,94,50,794,310,794,360,888,360,888,310
1187,505,2,0,6076,385,302,62,98,385,302,385,400,447,400,447,302
1188,505,1,0,9504,464,296,108,88,464,296,464,384,572,384,572,296
1189,505,1,0,27375,2,286,219,125,2,286,2,411,221,411,221,286
1190,506,2,0,6240,695,330,65,96,695,330,695,426,760,426,760,330
1191,506,1,0,7839,789,314,117,67,789,314,789,381,906,381,906,314
1192,506,1,0,12423,431,299,123,101,431,299,431,400,554,400,554,299
1193,506,2,0,9394,319,308,77,122,319,308,319,430,396,430,396,308
1194,507,2,0,7828,850,347,76,103,850,347,850,450,926,450,926,347
1195,507,4,0,5928,857,298,52,114,857,298,857,412,909,412,909,298
1196,507,4,0,8788,1145,324,52,169,1145,324,1145,493,1197,493,1197,324
1197,507,2,0,22545,1109,362,167,135,1109,362,1109,497,1276,497,1276,362
1198,508,4,0,4982,908,309,53,94,908,309,908,403,961,403,961,309
1199,508,2,0,22165,949,364,143,155,949,364,949,519,1092,519,1092,364
1200,508,4,0,4399,983,294,53,83,983,294,983,377,1036,377,1036,294
1201,508,2,0,8585,884,352,85,101,884,352,884,453,969,453,969,352
1202,509,3,0,4428,544,306,54,82,544,306,544,388,598,388,598,306
1203,510,3,0,5002,517,308,61,82,517,308,517,390,578,390,578,308
1204,511,2,0,4095,1148,309,45,91,1148,309,1148,400,1193,400,1193,309
1205,512,2,0,1908,769,324,36,53,769,324,769,377,805,377,805,324
1206,513,2,0,3840,813,311,48,80,813,311,813,391,861,391,861,311
1207,514,2,0,5757,885,312,57,101,885,312,885,413,942,413,942,312
1208,515,1,0,157125,905,240,375,419,905,240,905,659,1280,659,1280,240
1209,515,1,0,4550,688,299,65,70,688,299,688,369,753,369,753,299
1210,515,3,0,75799,151,282,229,331,151,282,151,613,380,613,380,282
1211,516,1,0,6225,714,294,83,75,714,294,714,369,797,369,797,294
1212,517,1,0,14994,736,278,126,119,736,278,736,397,862,397,862,278
1213,518,1,0,33425,795,278,191,175,795,278,795,453,986,453,986,278
1214,519,2,0,3320,835,321,40,83,835,321,835,404,875,404,875,321
1215,519,1,0,128734,898,239,382,337,898,239,898,576,1280,576,1280,239
1216,519,2,0,1188,745,320,27,44,745,320,745,364,772,364,772,320
1217,519,3,0,2726,578,311,47,58,578,311,578,369,625,369,625,311
1218,519,1,0,12240,66,305,136,90,66,305,66,395,202,395,202,305
1219,520,2,0,12267,925,320,87,141,925,320,925,461,1012,461,1012,320
1220,520,2,0,1131,782,332,29,39,782,332,782,371,811,371,811,332
1221,521,4,0,20382,1201,251,79,258,1201,251,1201,509,1280,509,1280,251
1222,521,2,0,2016,807,311,36,56,807,311,807,367,843,367,843,311
1223,522,2,0,2881,844,330,43,67,844,330,844,397,887,397,887,330
1224,522,3,0,3575,573,313,55,65,573,313,573,378,628,378,628,313
1225,523,2,0,6240,910,320,60,104,910,320,910,424,970,424,970,320
1226,523,4,0,3400,918,293,34,100,918,293,918,393,952,393,952,293
1227,523,3,0,4836,564,305,62,78,564,305,564,383,626,383,626,305
1228,524,3,0,10614,500,290,87,122,500,290,500,412,587,412,587,290
1229,525,2,0,2911,793,314,41,71,793,314,793,385,834,385,834,314
1230,526,1,0,14356,896,309,148,97,896,309,896,406,1044,406,1044,309
1231,526,2,0,2294,796,312,37,62,796,312,796,374,833,374,833,312
1232,526,1,0,2968,736,299,56,53,736,299,736,352,792,352,792,299
1233,527,1,0,11739,855,316,129,91,855,316,855,407,984,407,984,316
1234,527,4,0,2236,540,304,26,86,540,304,540,390,566,390,566,304
1235,528,1,0,14355,887,315,145,99,887,315,887,414,1032,414,1032,315
1236,528,4,0,2436,532,303,29,84,532,303,532,387,561,387,561,303
1237,529,1,0,9270,640,294,103,90,640,294,640,384,743,384,743,294
1238,530,1,0,6536,644,304,86,76,644,304,644,380,730,380,730,304
1239,531,1,0,5329,652,301,73,73,652,301,652,374,725,374,725,301
1240,532,1,0,5025,651,305,75,67,651,305,651,372,726,372,726,305
1241,533,1,0,4158,658,308,66,63,658,308,658,371,724,371,724,308
1242,534,1,0,4488,658,301,66,68,658,301,658,369,724,369,724,301
1243,535,1,0,3933,653,309,69,57,653,309,653,366,722,366,722,309
1244,536,1,0,2860,657,305,55,52,657,305,657,357,712,357,712,305
1245,537,1,0,2448,657,309,48,51,657,309,657,360,705,360,705,309
1246,537,1,0,14541,998,277,131,111,998,277,998,388,1129,388,1129,277
1247,538,1,0,1794,657,305,46,39,657,305,657,344,703,344,703,305
1248,538,1,0,17176,1019,274,152,113,1019,274,1019,387,1171,387,1171,274
1249,539,1,0,2310,643,304,55,42,643,304,643,346,698,346,698,304
1250,539,1,0,20541,1041,276,167,123,1041,276,1041,399,1208,399,1208,276
1251,540,1,0,1482,645,305,39,38,645,305,645,343,684,343,684,305
1252,540,1,0,25728,1070,270,192,134,1070,270,1070,404,1262,404,1262,270
1253,541,2,0,21528,1009,353,138,156,1009,353,1009,509,1147,509,1147,353
1254,541,4,0,11136,1032,288,58,192,1032,288,1032,480,1090,480,1090,288
1255,542,1,0,4880,708,275,61,80,708,275,708,355,769,355,769,275
1256,543,1,0,5628,715,270,67,84,715,270,715,354,782,354,782,270
1257,544,1,0,54036,785,205,237,228,785,205,785,433,1022,433,1022,205
1258,545,1,0,197087,843,106,437,451,843,106,843,557,1280,557,1280,106
1259,546,4,0,2187,1019,312,27,81,1019,312,1019,393,1046,393,1046,312
1260,546,2,0,2665,1041,341,41,65,1041,341,1041,406,1082,406,1082,341
1261,547,4,0,3430,1055,311,35,98,1055,311,1055,409,1090,409,1090,311
1262,547,2,0,4212,1079,338,54,78,1079,338,1079,416,1133,416,1133,338
1263,548,1,0,1908,668,296,36,53,668,296,668,349,704,349,704,296
1264,549,2,0,1196,827,333,26,46,827,333,827,379,853,379,853,333
1265,549,2,0,3300,896,351,44,75,896,351,896,426,940,426,940,351
1266,550,2,0,2450,873,341,35,70,873,341,873,411,908,411,908,341
1267,550,2,0,16016,1026,343,104,154,1026,343,1026,497,1130,497,1130,343
1268,550,4,0,9288,1036,298,54,172,1036,298,1036,470,1090,470,1090,298
1269,551,2,0,110828,569,339,412,269,569,339,569,608,981,608,981,339
1270,551,2,0,36278,365,310,187,194,365,310,365,504,552,504,552,310
1271,552,2,0,6552,953,339,63,104,953,339,953,443,1016,443,1016,339
1272,553,2,0,21216,1111,362,136,156,1111,362,1111,518,1247,518,1247,362
1273,553,4,0,9222,1136,302,53,174,1136,302,1136,476,1189,476,1189,302
1274,554,2,0,110142,575,344,422,261,575,344,575,605,997,605,997,344
1275,554,2,0,34020,372,309,180,189,372,309,372,498,552,498,552,309
1276,555,2,0,2016,811,334,36,56,811,334,811,390,847,390,847,334
1277,556,2,0,1363,851,340,29,47,851,340,851,387,880,387,880,340
1278,557,2,0,4158,896,330,54,77,896,330,896,407,950,407,950,330
1279,558,2,0,8774,984,344,82,107,984,344,984,451,1066,451,1066,344
1280,558,4,0,7656,989,307,58,132,989,307,989,439,1047,439,1047,307
1281,559,2,0,108360,575,347,420,258,575,347,575,605,995,605,995,347
1282,559,2,0,29684,390,318,164,181,390,318,390,499,554,499,554,318
1283,560,4,0,14495,1211,296,65,223,1211,296,1211,519,1276,519,1276,296
1284,561,2,0,118209,572,335,433,273,572,335,572,608,1005,608,1005,335
1285,561,2,0,29970,390,317,162,185,390,317,390,502,552,502,552,317
1286,562,3,0,6630,1021,335,65,102,1021,335,1021,437,1086,437,1086,335
1287,562,2,0,2944,838,325,46,64,838,325,838,389,884,389,884,325
1288,563,2,0,4560,885,336,57,80,885,336,885,416,942,416,942,336
1289,563,3,0,12876,1089,316,87,148,1089,316,1089,464,1176,464,1176,316
1290,564,4,0,10152,1226,293,54,188,1226,293,1226,481,1280,481,1280,293
1291,564,4,0,6936,991,291,51,136,991,291,991,427,1042,427,1042,291
1292,564,2,0,10434,978,339,94,111,978,339,978,450,1072,450,1072,339
1293,565,2,0,111904,570,339,416,269,570,339,570,608,986,608,986,339
1294,565,2,0,34694,390,287,166,209,390,287,390,496,556,496,556,287
1295,566,2,0,110925,572,344,425,261,572,344,572,605,997,605,997,344
1296,566,2,0,30600,397,301,153,200,397,301,397,501,550,501,550,301
1297,567,2,0,1980,907,337,33,60,907,337,907,397,940,397,940,337
1298,567,4,0,4680,365,308,45,104,365,308,365,412,410,412,410,308
1299,568,2,0,4550,961,319,50,91,961,319,961,410,1011,410,1011,319
1300,568,2,0,840,840,334,24,35,840,334,840,369,864,369,864,334
1301,568,4,0,5564,335,311,52,107,335,311,335,418,387,418,387,311
1302,569,2,0,8580,1066,317,65,132,1066,317,1066,449,1131,449,1131,317
1303,569,4,0,5588,296,310,44,127,296,310,296,437,340,437,340,310
1304,569,2,0,2928,854,325,48,61,854,325,854,386,902,386,902,325
1305,570,1,0,147186,838,229,442,333,838,229,838,562,1280,562,1280,229
1306,571,1,0,92313,790,238,351,263,790,238,790,501,1141,501,1141,238
1307,572,1,0,47628,774,263,243,196,774,263,774,459,1017,459,1017,263
1308,573,1,0,30132,764,272,186,162,764,272,764,434,950,434,950,272
1309,574,2,0,107328,576,346,416,258,576,346,576,604,992,604,992,346
1310,574,2,0,31164,393,307,159,196,393,307,393,503,552,503,552,307
1311,575,2,0,3192,955,327,42,76,955,327,955,403,997,403,997,327
1312,575,1,0,20502,749,285,153,134,749,285,749,419,902,419,902,285
1313,576,2,0,10384,1051,343,88,118,1051,343,1051,461,1139,461,1139,343
1314,576,1,0,14859,740,292,127,117,740,292,740,409,867,409,867,292
1315,577,1,0,11877,732,293,111,107,732,293,732,400,843,400,843,293
1316,578,4,0,75970,938,231,214,355,938,231,938,586,1152,586,1152,231
1317,578,2,0,62510,949,374,235,266,949,374,949,640,1184,640,1184,374
1318,578,1,0,5325,702,299,75,71,702,299,702,370,777,370,777,299
1319,579,2,0,126721,552,326,421,301,552,326,552,627,973,627,973,326
1320,579,2,0,31878,394,311,154,207,394,311,394,518,548,518,548,311
1321,580,2,0,113632,576,340,424,268,576,340,576,608,1000,608,1000,340
1322,580,2,0,31730,386,310,167,190,386,310,386,500,553,500,553,310
1323,581,1,0,2907,694,306,51,57,694,306,694,363,745,363,745,306
1324,581,2,0,8181,746,351,81,101,746,351,746,452,827,452,827,351
1325,582,2,0,110880,551,364,420,264,551,364,551,628,971,628,971,364
1326,582,2,0,31914,384,307,162,197,384,307,384,504,546,504,546,307
1327,583,2,0,1100,692,309,25,44,692,309,692,353,717,353,717,309
1328,583,2,0,2900,844,320,50,58,844,320,844,378,894,378,894,320
1329,584,2,0,4464,944,319,48,93,944,319,944,412,992,412,992,319
1330,585,1,0,35208,827,281,216,163,827,281,827,444,1043,444,1043,281
1331,585,2,0,43657,0,344,149,293,0,344,0,637,149,637,149,344
1332,586,1,0,6710,757,307,122,55,757,307,757,362,879,362,879,307
1333,586,2,0,4290,941,327,78,55,941,327,941,382,1019,382,1019,327
1334,587,1,0,5896,853,294,88,67,853,294,853,361,941,361,941,294
1335,587,2,0,13800,1138,316,138,100,1138,316,1138,416,1276,416,1276,316
1336,587,4,0,7320,1196,274,60,122,1196,274,1196,396,1256,396,1256,274
1337,587,2,0,3304,976,317,59,56,976,317,976,373,1035,373,1035,317
1338,588,1,0,5504,918,289,86,64,918,289,918,353,1004,353,1004,289
1339,588,2,0,3672,1043,306,51,72,1043,306,1043,378,1094,378,1094,306
1340,588,2,0,9858,1187,307,93,106,1187,307,1187,413,1280,413,1280,307
1341,589,1,0,4424,1007,295,79,56,1007,295,1007,351,1086,351,1086,295
1342,589,2,0,4704,1118,296,56,84,1118,296,1118,380,1174,380,1174,296
1343,590,2,0,110088,565,368,417,264,565,368,565,632,982,632,982,368
1344,590,2,0,93342,769,322,331,282,769,322,769,604,1100,604,1100,322
1345,590,2,0,30458,396,302,157,194,396,302,396,496,553,496,553,302
1346,591,1,0,4536,1100,298,84,54,1100,298,1100,352,1184,352,1184,298
1347,591,2,0,2346,1216,324,46,51,1216,324,1216,375,1262,375,1262,324
1348,592,1,0,3480,1216,305,60,58,1216,305,1216,363,1276,363,1276,305
1349,593,2,0,125132,574,320,436,287,574,320,574,607,1010,607,1010,320
1350,594,2,0,825,770,309,25,33,770,309,770,342,795,342,795,309
1351,595,2,0,1280,786,313,32,40,786,313,786,353,818,353,818,313
1352,596,2,0,1802,817,320,34,53,817,320,817,373,851,373,851,320
1353,597,1,0,89548,75,209,367,244,75,209,75,453,442,453,442,209
1354,597,1,0,3933,733,302,69,57,733,302,733,359,802,359,802,302
1355,597,2,0,5264,871,325,56,94,871,325,871,419,927,419,927,325
1356,597,4,0,3384,873,288,36,94,873,288,873,382,909,382,909,288
1357,598,1,0,25650,779,270,171,150,779,270,779,420,950,420,950,270
1358,599,1,0,55600,815,262,278,200,815,262,815,462,1093,462,1093,262
1359,600,1,0,129870,890,238,390,333,890,238,890,571,1280,571,1280,238
1360,601,1,0,106384,1062,180,218,488,1062,180,1062,668,1280,668,1280,180
1361,602,2,0,119130,573,328,418,285,573,328,573,613,991,613,991,328
1362,602,2,0,29097,397,320,159,183,397,320,397,503,556,503,556,320
1363,603,1,0,48880,0,265,260,188,0,265,0,453,260,453,260,265
1364,604,2,0,109926,576,337,394,279,576,337,576,616,970,616,970,337
1365,604,2,0,28959,406,304,147,197,406,304,406,501,553,501,553,304
1366,605,1,0,3127,533,325,59,53,533,325,533,378,592,378,592,325
1367,606,1,0,3009,523,323,59,51,523,323,523,374,582,374,582,323
1368,607,2,0,116901,570,332,419,279,570,332,570,611,989,611,989,332
1369,607,2,0,29892,400,307,159,188,400,307,400,495,559,495,559,307
1370,608,1,0,167072,0,225,368,454,0,225,0,679,368,679,368,225
1371,609,1,0,107163,0,248,243,441,0,248,0,689,243,689,243,248
1372,610,1,0,22330,0,347,154,145,0,347,0,492,154,492,154,347
1373,611,2,0,119428,576,323,409,292,576,323,576,615,985,615,985,323
1374,611,2,0,28440,394,315,158,180,394,315,394,495,552,495,552,315
1375,612,2,0,116850,574,329,410,285,574,329,574,614,984,614,984,329
1376,612,2,0,30880,395,313,160,193,395,313,395,506,555,506,555,313
1377,613,2,0,3828,350,349,44,87,350,349,350,436,394,436,394,349
1378,614,4,0,4465,253,336,47,95,253,336,253,431,300,431,300,336
1379,614,4,0,5412,307,334,66,82,307,334,307,416,373,416,373,334
1380,614,2,0,5824,311,362,64,91,311,362,311,453,375,453,375,362
1381,615,1,0,16380,1163,274,117,140,1163,274,1163,414,1280,414,1280,274
1382,616,1,0,42504,1022,266,253,168,1022,266,1022,434,1275,434,1275,266
1383,617,1,0,74448,842,270,396,188,842,270,842,458,1238,458,1238,270
1384,618,1,0,93150,612,281,450,207,612,281,612,488,1062,488,1062,281
1385,619,2,0,112608,577,334,414,272,577,334,577,606,991,606,991,334
1386,619,2,0,30912,394,308,161,192,394,308,394,500,555,500,555,308
1387,620,1,0,139230,305,281,546,255,305,281,305,536,851,536,851,281
1388,621,1,0,147420,0,290,546,270,0,290,0,560,546,560,546,290
1389,622,2,0,114258,573,332,411,278,573,332,573,610,984,610,984,332
1390,622,2,0,25844,412,319,142,182,412,319,412,501,554,501,554,319
1391,623,2,0,3055,1092,332,47,65,1092,332,1092,397,1139,397,1139,332
1392,623,1,0,6816,1159,304,96,71,1159,304,1159,375,1255,375,1255,304
1393,624,2,0,4440,1032,333,60,74,1032,333,1032,407,1092,407,1092,333
1394,624,1,0,5676,1089,311,86,66,1089,311,1089,377,1175,377,1175,311
1395,625,2,0,5390,399,351,70,77,399,351,399,428,469,428,469,351
1396,625,4,0,4120,251,318,40,103,251,318,251,421,291,421,291,318
1397,626,2,0,2660,816,340,38,70,816,340,816,410,854,410,854,340
1398,626,2,0,1824,556,349,32,57,556,349,556,406,588,406,588,349
1399,626,2,0,5244,416,350,92,57,416,350,416,407,508,407,508,350
1400,626,2,0,4608,1105,315,72,64,1105,315,1105,379,1177,379,1177,315
1401,626,2,0,5185,888,325,85,61,888,325,888,386,973,386,973,325
1402,627,2,0,118368,577,327,411,288,577,327,577,615,988,615,988,327
1403,627,2,0,32548,396,299,158,206,396,299,396,505,554,505,554,299
1404,628,2,0,7519,870,330,73,103,870,330,870,433,943,433,943,330
1405,628,2,0,8075,394,340,95,85,394,340,394,425,489,425,489,340
1406,628,2,0,3796,544,326,52,73,544,326,544,399,596,399,596,326
1407,629,2,0,25431,987,332,147,173,987,332,987,505,1134,505,1134,332
1408,629,2,0,7452,1179,314,92,81,1179,314,1179,395,1271,395,1271,314
1409,629,2,0,8470,355,353,110,77,355,353,355,430,465,430,465,353
1410,630,2,0,8750,311,370,125,70,311,370,311,440,436,440,436,370
1411,631,2,0,14136,253,380,152,93,253,380,253,473,405,473,405,380
1412,632,2,0,36108,31,379,236,153,31,379,31,532,267,532,267,379
1413,633,2,0,122688,578,328,432,284,578,328,578,612,1010,612,1010,328
1414,633,2,0,30030,398,309,154,195,398,309,398,504,552,504,552,309
1415,634,2,0,113988,558,349,413,276,558,349,558,625,971,625,971,349
1416,634,2,0,26352,415,317,144,183,415,317,415,500,559,500,559,317
1417,635,2,0,3723,903,321,73,51,903,321,903,372,976,372,976,321
1418,636,1,0,3410,492,295,62,55,492,295,492,350,554,350,554,295
1419,636,1,0,38908,1006,275,274,142,1006,275,1006,417,1280,417,1280,275
1420,636,1,0,17658,340,309,162,109,340,309,340,418,502,418,502,309
1421,636,2,0,1680,781,314,35,48,781,314,781,362,816,362,816,314
1422,636,2,0,17702,73,350,106,167,73,350,73,517,179,517,179,350
1423,637,1,0,32448,1088,294,192,169,1088,294,1088,463,1280,463,1280,294
1424,637,1,0,32340,272,326,220,147,272,326,272,473,492,473,492,326
1425,637,1,0,5175,474,316,75,69,474,316,474,385,549,385,549,316
1426,637,1,0,1927,673,323,47,41,673,323,673,364,720,364,720,323
1427,637,2,0,2580,821,339,43,60,821,339,821,399,864,399,864,339
1428,638,1,0,15875,753,259,125,127,753,259,753,386,878,386,878,259
1429,638,4,0,2244,893,315,33,68,893,315,893,383,926,383,926,315
1430,638,1,0,1600,628,308,40,40,628,308,628,348,668,348,668,308
1431,638,1,0,20768,0,266,176,118,0,266,0,384,176,384,176,266
1432,639,1,0,18632,0,264,136,137,0,264,0,401,136,401,136,264
1433,639,1,0,21903,774,253,147,149,774,253,774,402,921,402,921,253
1434,639,4,0,1890,928,322,27,70,928,322,928,392,955,392,955,322
1435,639,1,0,1974,629,310,47,42,629,310,629,352,676,352,676,310
1436,639,1,0,5544,511,295,77,72,511,295,511,367,588,367,588,295
1437,640,1,0,9222,0,299,87,106,0,299,0,405,87,405,87,299
1438,640,1,0,35621,804,244,199,179,804,244,804,423,1003,423,1003,244
1439,640,1,0,1763,634,312,43,41,634,312,634,353,677,353,677,312
1440,640,1,0,5925,508,298,79,75,508,298,508,373,587,373,587,298
1441,641,1,0,72539,843,210,289,251,843,210,843,461,1132,461,1132,210
1442,641,1,0,2016,635,308,48,42,635,308,635,350,683,350,683,308
1443,641,1,0,7360,493,289,92,80,493,289,493,369,585,369,585,289
1444,642,1,0,136488,904,162,376,363,904,162,904,525,1280,525,1280,162
1445,642,1,0,1886,635,313,46,41,635,313,635,354,681,354,681,313
1446,642,1,0,8008,478,292,91,88,478,292,478,380,569,380,569,292
1447,643,1,0,122960,1015,77,265,464,1015,77,1015,541,1280,541,1280,77
1448,643,1,0,4340,756,309,70,62,756,309,756,371,826,371,826,309
1449,643,1,0,2115,633,317,45,47,633,317,633,364,678,364,678,317
1450,643,1,0,9282,463,296,102,91,463,296,463,387,565,387,565,296
1451,644,4,0,6394,1234,327,46,139,1234,327,1234,466,1280,466,1280,327
1452,644,1,0,5396,771,301,76,71,771,301,771,372,847,372,847,301
1453,644,1,0,2200,626,314,50,44,626,314,626,358,676,358,676,314
1454,644,1,0,14012,439,285,124,113,439,285,439,398,563,398,563,285
1455,645,1,0,5609,787,298,79,71,787,298,787,369,866,369,866,298
1456,645,1,0,1800,630,312,45,40,630,312,630,352,675,352,675,312
1457,645,1,0,15960,415,286,140,114,415,286,415,400,555,400,555,286
1458,646,1,0,9595,799,281,101,95,799,281,799,376,900,376,900,281
1459,646,1,0,1974,633,304,42,47,633,304,633,351,675,351,675,304
1460,646,1,0,20800,383,272,160,130,383,272,383,402,543,402,543,272
1461,647,4,0,7008,871,339,48,146,871,339,871,485,919,485,919,339
1462,647,1,0,19511,904,315,179,109,904,315,904,424,1083,424,1083,315
1463,647,1,0,12093,1193,278,87,139,1193,278,1193,417,1280,417,1280,278
1464,647,1,0,9292,1101,311,101,92,1101,311,1101,403,1202,403,1202,311
1465,648,1,0,12204,821,281,113,108,821,281,821,389,934,389,934,281
1466,648,1,0,28728,337,267,189,152,337,267,337,419,526,419,526,267
1467,649,1,0,41886,269,252,234,179,269,252,269,431,503,431,503,252
1468,649,1,0,18288,829,280,144,127,829,280,829,407,973,407,973,280
1469,650,1,0,64736,181,239,289,224,181,239,181,463,470,463,470,239
1470,650,1,0,29700,860,282,180,165,860,282,860,447,1040,447,1040,282
1471,651,1,0,109600,41,222,400,274,41,222,41,496,441,496,441,222
1472,651,1,0,44289,882,271,259,171,882,271,882,442,1141,442,1141,271
1473,652,1,0,146433,0,191,399,367,0,191,0,558,399,558,399,191
1474,652,1,0,85428,941,254,339,252,941,254,941,506,1280,506,1280,254
1475,652,1,0,1886,604,308,41,46,604,308,604,354,645,354,645,308
1476,653,1,0,153915,0,162,331,465,0,162,0,627,331,627,331,162
1477,653,1,0,49164,1039,340,241,204,1039,340,1039,544,1280,544,1280,340
1478,653,1,0,1935,607,307,43,45,607,307,607,352,650,352,650,307
1479,654,1,0,104517,0,169,237,441,0,169,0,610,237,610,237,169
1480,654,3,0,32391,110,268,183,177,110,268,110,445,293,445,293,268
1481,655,3,0,49504,0,271,221,224,0,271,0,495,221,495,221,271
1482,656,4,0,5880,774,345,42,140,774,345,774,485,816,485,816,345
1483,656,1,0,19250,807,311,175,110,807,311,807,421,982,421,982,311
1484,656,1,0,12462,1145,333,134,93,1145,333,1145,426,1279,426,1279,333
1485,656,1,0,18221,1088,276,137,133,1088,276,1088,409,1225,409,1225,276
1486,656,1,0,14994,1006,279,126,119,1006,279,1006,398,1132,398,1132,279
1487,656,1,0,19728,632,320,137,144,632,320,632,464,769,464,769,320
1488,657,1,0,10622,760,300,113,94,760,300,760,394,873,394,873,300
1489,658,1,0,14659,781,303,137,107,781,303,781,410,918,410,918,303
1490,658,1,0,2450,607,306,49,50,607,306,607,356,656,356,656,306
1491,659,1,0,28028,813,294,196,143,813,294,813,437,1009,437,1009,294
1492,660,1,0,55005,854,285,285,193,854,285,854,478,1139,478,1139,285
1493,660,3,0,11662,386,288,119,98,386,288,386,386,505,386,505,288
1494,661,1,0,90735,935,279,345,263,935,279,935,542,1280,542,1280,279
1495,661,3,0,11877,325,294,111,107,325,294,325,401,436,401,436,294
1496,662,1,0,56416,1107,253,172,328,1107,253,1107,581,1279,581,1279,253
1497,662,3,0,15625,277,284,125,125,277,284,277,409,402,409,402,284
1498,663,3,0,33516,224,285,196,171,224,285,224,456,420,456,420,285
1499,664,3,0,61376,11,259,274,224,11,259,11,483,285,483,285,259
1500,664,3,0,30450,236,271,210,145,236,271,236,416,446,416,446,271
1501,664,3,0,4424,464,286,56,79,464,286,464,365,520,365,520,286
1502,664,1,0,1254,675,300,38,33,675,300,675,333,713,333,713,300
1503,664,1,0,1332,733,307,36,37,733,307,733,344,769,344,769,307
1504,665,4,0,21390,1170,266,93,230,1170,266,1170,496,1263,496,1263,266
1505,665,1,0,1200,741,308,40,30,741,308,741,338,781,338,781,308
1506,665,1,0,2346,609,297,46,51,609,297,609,348,655,348,655,297
1507,665,3,0,4446,448,287,57,78,448,287,448,365,505,365,505,287
1508,665,3,0,57784,0,261,233,248,0,261,0,509,233,509,233,261
1509,665,3,0,42900,159,274,260,165,159,274,159,439,419,439,419,274
1510,666,4,0,5863,669,336,41,143,669,336,669,479,710,479,710,336
1511,666,1,0,25599,506,306,161,159,506,306,506,465,667,465,667,306
1512,666,1,0,16464,707,311,168,98,707,311,707,409,875,409,875,311
1513,666,1,0,11430,1030,325,127,90,1030,325,1030,415,1157,415,1157,325
1514,666,1,0,19177,979,271,151,127,979,271,979,398,1130,398,1130,271
1515,666,1,0,14964,898,273,129,116,898,273,898,389,1027,389,1027,273
1516,667,3,0,6392,428,279,68,94,428,279,428,373,496,373,496,279
1517,667,3,0,83552,0,266,373,224,0,266,0,490,373,490,373,266
1518,668,3,0,7622,413,275,74,103,413,275,413,378,487,378,487,275
1519,668,3,0,73580,18,256,283,260,18,256,18,516,301,516,301,256
1520,669,1,0,17871,898,290,161,111,898,290,898,401,1059,401,1059,290
1521,669,1,0,2754,602,304,54,51,602,304,602,355,656,355,656,304
1522,669,3,0,6693,394,285,69,97,394,285,394,382,463,382,463,285
1523,669,3,0,53136,0,227,164,324,0,227,0,551,164,551,164,227
1524,670,1,0,20944,926,291,176,119,926,291,926,410,1102,410,1102,291
1525,670,1,0,2650,600,305,53,50,600,305,600,355,653,355,653,305
1526,671,4,0,8296,1217,317,61,136,1217,317,1217,453,1278,453,1278,317
1527,671,4,0,5016,1168,312,44,114,1168,312,1168,426,1212,426,1212,312
1528,671,1,0,26250,957,295,210,125,957,295,957,420,1167,420,1167,295
1529,671,1,0,1392,760,323,48,29,760,323,760,352,808,352,808,323
1530,671,1,0,2162,604,308,47,46,604,308,604,354,651,354,651,308
1531,672,4,0,9996,1202,319,68,147,1202,319,1202,466,1270,466,1270,319
1532,672,1,0,34611,990,294,249,139,990,294,990,433,1239,433,1239,294
1533,672,1,0,2208,769,313,48,46,769,313,769,359,817,359,817,313
1534,672,1,0,2448,602,305,48,51,602,305,602,356,650,356,650,305
1535,673,4,0,11016,168,256,68,162,168,256,168,418,236,418,236,256
1536,673,1,0,2756,600,305,52,53,600,305,600,358,652,358,652,305
1537,673,1,0,43188,1036,279,244,177,1036,279,1036,456,1280,456,1280,279
1538,673,1,0,2496,773,315,52,48,773,315,773,363,825,363,825,315
1539,674,3,0,42800,51,268,200,214,51,268,51,482,251,482,251,268
1540,674,1,0,2548,602,298,49,52,602,298,602,350,651,350,651,298
1541,674,1,0,39639,1099,260,181,219,1099,260,1099,479,1280,479,1280,260
1542,674,1,0,2448,788,312,51,48,788,312,788,360,839,360,839,312
1543,675,3,0,40349,0,267,157,257,0,267,0,524,157,524,157,267
1544,675,1,0,2500,605,309,50,50,605,309,605,359,655,359,655,309
1545,676,1,0,2352,609,309,49,48,609,309,609,357,658,357,658,309
1546,677,4,0,5880,557,324,40,147,557,324,557,471,597,471,597,324
1547,677,1,0,31845,358,298,193,165,358,298,358,463,551,463,551,298
1548,677,1,0,16236,606,300,164,99,606,300,606,399,770,399,770,300
1549,677,1,0,12322,1157,300,122,101,1157,300,1157,401,1279,401,1279,300
1550,677,1,0,12750,917,313,150,85,917,313,917,398,1067,398,1067,313
1551,677,1,0,14760,866,262,120,123,866,262,866,385,986,385,986,262
1552,678,1,0,2862,609,305,53,54,609,305,609,359,662,359,662,305
1553,678,3,0,4756,416,307,82,58,416,307,416,365,498,365,498,307
1554,679,1,0,4760,727,304,68,70,727,304,727,374,795,374,795,304
1555,679,1,0,2652,615,306,52,51,615,306,615,357,667,357,667,306
1556,679,3,0,4860,415,308,81,60,415,308,415,368,496,368,496,308
1557,680,1,0,5325,746,297,71,75,746,297,746,372,817,372,817,297
1558,680,1,0,2400,621,302,48,50,621,302,621,352,669,352,669,302
1559,680,3,0,6300,399,297,90,70,399,297,399,367,489,367,489,297
1560,681,3,0,7300,384,304,100,73,384,304,384,377,484,377,484,304
1561,681,1,0,2500,622,308,50,50,622,308,622,358,672,358,672,308
1562,681,1,0,6864,752,301,88,78,752,301,752,379,840,379,840,301
1563,682,1,0,8330,754,303,98,85,754,303,754,388,852,388,852,303
1564,682,1,0,2754,622,305,51,54,622,305,622,359,673,359,673,305
1565,682,3,0,8000,363,299,100,80,363,299,363,379,463,379,463,299
1566,683,3,0,9600,337,301,120,80,337,301,337,381,457,381,457,301
1567,683,1,0,2548,622,308,52,49,622,308,622,357,674,357,674,308
1568,683,1,0,9990,761,301,111,90,761,301,761,391,872,391,872,301
1569,684,3,0,10736,307,298,122,88,307,298,307,386,429,386,429,298
1570,684,1,0,2862,621,304,54,53,621,304,621,357,675,357,675,304
1571,684,1,0,13440,774,295,128,105,774,295,774,400,902,400,902,295
1572,685,1,0,8008,918,322,104,77,918,322,918,399,1022,399,1022,322
1573,685,1,0,18422,787,292,151,122,787,292,787,414,938,414,938,292
1574,685,1,0,2600,622,307,50,52,622,307,622,359,672,359,672,307
1575,685,3,0,13916,266,299,142,98,266,299,266,397,408,397,408,299
1576,686,3,0,17670,225,291,155,114,225,291,225,405,380,405,380,291
1577,686,1,0,2754,618,305,54,51,618,305,618,356,672,356,672,305
1578,686,1,0,26649,806,288,189,141,806,288,806,429,995,429,995,288
1579,686,1,0,9776,967,315,104,94,967,315,967,409,1071,409,1071,315
1580,687,1,0,42000,824,282,250,168,824,282,824,450,1074,450,1074,282
1581,687,1,0,2601,617,303,51,51,617,303,617,354,668,354,668,303
1582,687,3,0,22656,164,286,177,128,164,286,164,414,341,414,341,286
1583,688,4,0,5661,461,321,37,153,461,321,461,474,498,474,498,321
1584,688,1,0,37910,230,294,223,170,230,294,230,464,453,464,453,294
1585,688,1,0,16005,516,296,165,97,516,296,516,393,681,393,681,296
1586,688,1,0,17888,1056,285,172,104,1056,285,1056,389,1228,389,1228,285
1587,688,1,0,18644,826,272,158,118,826,272,826,390,984,390,984,272
1588,688,1,0,18018,780,251,143,126,780,251,780,377,923,377,923,251
1589,689,1,0,69841,867,279,331,211,867,279,867,490,1198,490,1198,279
1590,689,3,0,25092,129,279,164,153,129,279,129,432,293,432,293,279
1591,689,1,0,2915,615,305,55,53,615,305,615,358,670,358,670,305
1592,690,3,0,30260,44,272,178,170,44,272,44,442,222,442,222,272
1593,690,1,0,3068,610,305,59,52,610,305,610,357,669,357,669,305
1594,690,1,0,99186,914,267,366,271,914,267,914,538,1280,538,1280,267
1595,691,1,0,3300,602,310,60,55,602,310,602,365,662,365,662,310
1596,691,1,0,89320,1000,247,280,319,1000,247,1000,566,1280,566,1280,247
1597,692,1,0,27566,1074,308,179,154,1074,308,1074,462,1253,462,1253,308
1598,692,1,0,3654,594,304,63,58,594,304,594,362,657,362,657,304
1599,693,1,0,3780,589,302,60,63,589,302,589,365,649,365,649,302
1600,693,1,0,22032,1143,311,136,162,1143,311,1143,473,1279,473,1279,311
1601,694,1,0,3696,584,311,66,56,584,311,584,367,650,367,650,311
1602,695,1,0,3705,586,311,65,57,586,311,586,368,651,368,651,311
1603,695,1,0,4902,785,308,86,57,785,308,785,365,871,365,871,308
1604,696,1,0,5040,584,301,72,70,584,301,584,371,656,371,656,301
1605,696,1,0,6048,796,301,84,72,796,301,796,373,880,373,880,301
1606,697,1,0,3900,588,307,65,60,588,307,588,367,653,367,653,307
1607,697,4,0,2016,977,306,28,72,977,306,977,378,1005,378,1005,306
1608,697,1,0,6984,797,306,97,72,797,306,797,378,894,378,894,306
1609,698,1,0,7268,816,299,92,79,816,299,816,378,908,378,908,299
1610,698,1,0,3780,590,300,60,63,590,300,590,363,650,363,650,300
1611,698,4,0,1320,647,303,20,66,647,303,647,369,667,369,667,303
1612,699,4,0,8964,366,313,54,166,366,313,366,479,420,479,420,313
1613,699,1,0,17700,439,289,177,100,439,289,439,389,616,389,616,289
1614,699,1,0,19398,755,267,159,122,755,267,755,389,914,389,914,267
1615,699,1,0,14948,981,285,148,101,981,285,981,386,1129,386,1129,285
1616,699,1,0,17112,709,250,138,124,709,250,709,374,847,374,847,250
1617,699,1,0,46872,115,279,252,186,115,279,115,465,367,465,367,279
1618,700,1,0,4012,583,309,68,59,583,309,583,368,651,368,651,309
1619,700,4,0,1976,642,302,26,76,642,302,642,378,668,378,668,302
1620,700,4,0,2520,1033,300,30,84,1033,300,1033,384,1063,384,1063,300
1621,700,1,0,6417,836,312,93,69,836,312,836,381,929,381,929,312
1622,701,1,0,4416,590,299,64,69,590,299,590,368,654,368,654,299
1623,701,4,0,1850,644,304,25,74,644,304,644,378,669,378,669,304
1624,701,4,0,2496,1067,295,26,96,1067,295,1067,391,1093,391,1093,295
1625,701,1,0,7920,849,305,99,80,849,305,849,385,948,385,948,305
1626,702,1,0,4884,584,300,66,74,584,300,584,374,650,374,650,300
1627,702,4,0,1785,641,298,21,85,641,298,641,383,662,383,662,298
1628,702,1,0,10948,850,296,119,92,850,296,850,388,969,388,969,296
1629,703,4,0,3430,626,292,35,98,626,292,626,390,661,390,661,292
1630,703,4,0,4218,1137,287,37,114,1137,287,1137,401,1174,401,1174,287
1631,703,1,0,10974,879,297,118,93,879,297,879,390,997,390,997,297
1632,704,4,0,3914,611,292,38,103,611,292,611,395,649,395,649,292
1633,704,1,0,8900,715,299,100,89,715,299,715,388,815,388,815,299
1634,704,1,0,10780,911,289,110,98,911,289,911,387,1021,387,1021,289
1635,705,4,0,4025,598,283,35,115,598,283,598,398,633,398,633,283
1636,705,4,0,4520,1223,278,40,113,1223,278,1223,391,1263,391,1263,278
1637,705,1,0,7597,727,304,107,71,727,304,727,375,834,375,834,304
1638,706,1,0,10800,753,301,120,90,753,301,753,391,873,391,873,301
1639,706,4,0,4480,577,289,40,112,577,289,577,401,617,401,617,289
1640,707,1,0,19040,955,295,170,112,955,295,955,407,1125,407,1125,295
1641,707,1,0,13905,781,299,135,103,781,299,781,402,916,402,916,299
1642,707,4,0,4752,557,283,36,132,557,283,557,415,593,415,593,283
1643,707,4,0,7008,218,279,48,146,218,279,218,425,266,425,266,279
1644,708,1,0,19775,981,293,175,113,981,293,981,406,1156,406,1156,293
1645,708,1,0,19494,793,302,171,114,793,302,793,416,964,416,964,302
1646,708,4,0,6440,531,283,46,140,531,283,531,423,577,423,577,283
1647,709,1,0,22331,1058,292,163,137,1058,292,1058,429,1221,429,1221,292
1648,709,1,0,33896,821,299,223,152,821,299,821,451,1044,451,1044,299
1649,709,4,0,7956,503,279,52,153,503,279,503,432,555,432,555,279
1650,710,4,0,12506,267,315,74,169,267,315,267,484,341,484,341,315
1651,710,1,0,17542,379,287,179,98,379,287,379,385,558,385,558,287
1652,710,1,0,17490,922,280,165,106,922,280,922,386,1087,386,1087,280
1653,710,1,0,18876,697,264,156,121,697,264,697,385,853,385,853,264
1654,710,1,0,19592,646,248,158,124,646,248,646,372,804,372,804,248
1655,710,1,0,11200,582,248,100,112,582,248,582,360,682,360,682,248
1656,710,1,0,50112,5,292,288,174,5,292,5,466,293,466,293,292
1657,711,1,0,71968,865,296,346,208,865,296,865,504,1211,504,1211,296
1658,711,1,0,9292,526,286,92,101,526,286,526,387,618,387,618,286
1659,711,4,0,7399,478,278,49,151,478,278,478,429,527,429,527,278
1660,711,4,0,58400,5,149,160,365,5,149,5,514,165,514,165,149
1661,712,4,0,62118,36,155,174,357,36,155,36,512,210,512,210,155
1662,712,4,0,8232,445,277,49,168,445,277,445,445,494,445,494,277
1663,712,1,0,96813,933,290,347,279,933,290,933,569,1280,569,1280,290
1664,712,4,0,4664,923,282,44,106,923,282,923,388,967,388,967,282
1665,712,1,0,8827,521,287,97,91,521,287,521,378,618,378,618,287
1666,713,4,0,7228,1016,277,52,139,1016,277,1016,416,1068,416,1068,277
1667,713,1,0,76266,1057,275,223,342,1057,275,1057,617,1280,617,1280,275
1668,713,1,0,11663,504,285,109,107,504,285,504,392,613,392,613,285
1669,713,4,0,9000,412,263,50,180,412,263,412,443,462,443,462,263
1670,713,4,0,73146,66,167,219,334,66,167,66,501,285,501,285,167
1671,714,4,0,11248,1144,272,74,152,1144,272,1144,424,1218,424,1218,272
1672,714,4,0,3230,635,287,34,95,635,287,635,382,669,382,669,287
1673,714,1,0,14152,491,285,122,116,491,285,491,401,613,401,613,285
1674,714,4,0,11776,379,268,64,184,379,268,379,452,443,452,443,268
1675,714,4,0,67125,137,168,179,375,137,168,137,543,316,543,316,168
1676,714,4,0,55594,260,200,133,418,260,200,260,618,393,618,393,200
1677,715,4,0,3159,645,288,39,81,645,288,645,369,684,369,684,288
1678,715,1,0,17028,478,284,132,129,478,284,478,413,610,413,610,284
1679,715,4,0,5565,445,289,53,105,445,289,445,394,498,394,498,289
1680,715,4,0,52124,230,171,157,332,230,171,230,503,387,503,387,171
1681,715,4,0,44530,327,221,122,365,327,221,327,586,449,586,449,221
1682,716,4,0,46443,299,187,137,339,299,187,299,526,436,526,436,187
1683,716,4,0,53156,365,220,137,388,365,220,365,608,502,608,502,220
1684,716,4,0,1856,643,288,29,64,643,288,643,352,672,352,672,288
1685,716,1,0,15750,483,287,125,126,483,287,483,413,608,413,608,287
1686,717,4,0,15984,254,272,74,216,254,272,254,488,328,488,328,272
1687,717,4,0,79712,300,212,212,376,300,212,300,588,512,588,512,212
1688,718,4,0,14904,174,266,92,162,174,266,174,428,266,428,266,266
1689,718,4,0,8085,1191,302,49,165,1191,302,1191,467,1240,467,1240,302
1690,718,4,0,43230,424,209,131,330,424,209,424,539,555,539,555,209
1691,718,4,0,2210,625,291,34,65,625,291,625,356,659,356,659,291
1692,719,4,0,19110,88,251,105,182,88,251,88,433,193,433,193,251
1693,719,4,0,12384,368,278,72,172,368,278,368,450,440,450,440,278
1694,719,4,0,49830,457,218,151,330,457,218,457,548,608,548,608,218
1695,719,4,0,7448,1231,305,49,152,1231,305,1231,457,1280,457,1280,305
1696,719,4,0,2400,619,290,32,75,619,290,619,365,651,365,651,290
1697,720,4,0,20685,19,233,105,197,19,233,19,430,124,430,124,233
1698,720,4,0,2695,215,264,35,77,215,264,215,341,250,341,250,264
1699,720,4,0,21364,328,280,109,196,328,280,328,476,437,476,437,280
1700,720,1,0,23328,429,275,144,162,429,275,429,437,573,437,573,275
1701,721,4,0,10738,210,312,59,182,210,312,210,494,269,494,269,312
1702,721,1,0,20608,328,285,184,112,328,285,328,397,512,397,512,285
1703,721,1,0,16072,877,287,164,98,877,287,877,385,1041,385,1041,287
1704,721,1,0,18150,657,265,150,121,657,265,657,386,807,386,807,265
1705,721,1,0,16836,611,252,138,122,611,252,611,374,749,374,749,252
1706,721,1,0,12960,774,253,120,108,774,253,774,361,894,361,894,253
1707,721,1,0,44642,0,281,221,202,0,281,0,483,221,483,221,281
1708,722,4,0,13740,283,279,60,229,283,279,283,508,343,508,343,279
1709,722,4,0,16555,343,283,77,215,343,283,343,498,420,498,420,283
1710,722,1,0,29260,402,279,190,154,402,279,402,433,592,433,592,279
1711,722,4,0,27328,564,255,112,244,564,255,564,499,676,499,676,255
1712,722,4,0,22568,0,219,91,248,0,219,0,467,91,467,91,219
1713,723,1,0,34848,387,277,198,176,387,277,387,453,585,453,585,277
1714,723,4,0,22230,594,259,95,234,594,259,594,493,689,493,689,259
1715,723,4,0,21203,311,279,91,233,311,279,311,512,402,512,402,279
1716,723,4,0,18504,241,256,72,257,241,256,241,513,313,513,313,256
1717,723,4,0,12784,0,227,68,188,0,227,0,415,68,415,68,227
1718,724,4,0,6348,0,213,46,138,0,213,0,351,46,351,46,213
1719,724,4,0,17010,199,255,63,270,199,255,199,525,262,525,262,255
1720,724,4,0,20732,276,269,71,292,276,269,276,561,347,561,347,269
1721,724,1,0,42147,367,270,223,189,367,270,367,459,590,459,590,270
1722,724,4,0,20640,608,262,96,215,608,262,608,477,704,477,704,262
1723,725,1,0,47380,364,267,230,206,364,267,364,473,594,473,594,267
1724,725,4,0,31790,242,268,110,289,242,268,242,557,352,557,352,268
1725,725,4,0,18216,173,259,66,276,173,259,173,535,239,535,239,259
1726,725,4,0,16560,0,213,60,276,0,213,0,489,60,489,60,213
1727,725,4,0,7380,121,248,60,123,121,248,121,371,181,371,181,248
1728,726,4,0,12036,629,272,68,177,629,272,629,449,697,449,697,272
1729,726,1,0,52858,340,264,247,214,340,264,340,478,587,478,587,264
1730,726,4,0,41715,197,271,135,309,197,271,197,580,332,580,332,271
1731,726,4,0,16698,144,256,66,253,144,256,144,509,210,509,210,256
1732,726,4,0,12740,0,223,70,182,0,223,0,405,70,405,70,223
1733,727,4,0,3240,957,302,36,90,957,302,957,392,993,392,993,302
1734,727,1,0,51736,343,265,232,223,343,265,343,488,575,488,575,265
1735,727,4,0,38318,195,272,119,322,195,272,195,594,314,594,314,272
1736,727,4,0,12994,130,256,73,178,130,256,130,434,203,434,203,256
1737,727,4,0,9676,0,206,59,164,0,206,0,370,59,370,59,206
1738,727,4,0,5733,646,275,49,117,646,275,646,392,695,392,695,275
1739,728,1,0,61143,314,265,267,229,314,265,314,494,581,494,581,265
1740,728,4,0,3150,1019,301,35,90,1019,301,1019,391,1054,391,1054,301
1741,728,4,0,1739,908,299,37,47,908,299,908,346,945,346,945,299
1742,728,4,0,52244,125,252,148,353,125,252,125,605,273,605,273,252
1743,729,4,0,68162,93,251,173,394,93,251,93,645,266,645,266,251
1744,729,1,0,64800,304,254,270,240,304,254,304,494,574,494,574,254
1745,729,4,0,6666,595,286,66,101,595,286,595,387,661,387,661,286
1746,729,4,0,4872,1071,298,58,84,1071,298,1071,382,1129,382,1129,298
1747,729,4,0,1960,938,295,35,56,938,295,938,351,973,351,973,295
1748,730,4,0,5500,1173,301,50,110,1173,301,1173,411,1223,411,1223,301
1749,730,4,0,3731,971,292,41,91,971,292,971,383,1012,383,1012,292
1750,730,4,0,4056,607,281,39,104,607,281,607,385,646,385,646,281
1751,730,1,0,70928,288,258,286,248,288,258,288,506,574,506,574,258
1752,730,4,0,62266,56,256,163,382,56,256,56,638,219,638,219,256
1753,731,4,0,6785,140,283,59,115,140,283,140,398,199,398,199,283
1754,731,4,0,62646,36,247,159,394,36,247,36,641,195,641,195,247
1755,731,1,0,72800,288,255,280,260,288,255,288,515,568,515,568,255
1756,731,4,0,3060,602,287,34,90,602,287,602,377,636,377,636,287
1757,731,4,0,4500,1015,294,45,100,1015,294,1015,394,1060,394,1060,294
1758,732,4,0,13464,135,313,72,187,135,313,135,500,207,500,207,313
1759,732,1,0,22774,287,283,193,118,287,283,287,401,480,401,480,283
1760,732,1,0,18592,841,284,166,112,841,284,841,396,1007,396,1007,284
1761,732,1,0,17784,625,271,152,117,625,271,625,388,777,388,777,271
1762,732,1,0,20567,569,249,157,131,569,249,569,380,726,380,726,249
1763,732,1,0,11970,502,252,105,114,502,252,502,366,607,366,607,252
1764,733,1,0,76405,270,256,295,259,270,256,270,515,565,515,565,256
1765,733,4,0,8640,1058,295,64,135,1058,295,1058,430,1122,430,1122,295
1766,733,4,0,65835,22,255,171,385,22,255,22,640,193,640,193,255
1767,734,4,0,69806,14,242,167,418,14,242,14,660,181,660,181,242
1768,734,1,0,82800,259,254,300,276,259,254,259,530,559,530,559,254
1769,734,4,0,9163,1144,301,77,119,1144,301,1144,420,1221,420,1221,301
1770,735,4,0,64944,21,250,164,396,21,250,21,646,185,646,185,250
1771,735,1,0,80240,262,247,295,272,262,247,262,519,557,519,557,247
1772,735,4,0,2613,898,301,39,67,898,301,898,368,937,368,937,301
1773,735,4,0,2940,580,294,42,70,580,294,580,364,622,364,622,294
1774,736,1,0,81696,257,250,296,276,257,250,257,526,553,526,553,250
1775,736,4,0,85033,9,247,211,403,9,247,9,650,220,650,220,247
1776,736,4,0,777,822,301,21,37,822,301,822,338,843,338,843,301
1777,736,4,0,2604,921,301,42,62,921,301,921,363,963,363,963,301
1778,737,1,0,27945,904,306,207,135,904,306,904,441,1111,441,1111,306
1779,737,1,0,78804,477,270,398,198,477,270,477,468,875,468,875,270
1780,737,2,0,5160,346,304,60,86,346,304,346,390,406,390,406,304
1781,737,2,0,4130,401,314,70,59,401,314,401,373,471,373,471,314
1782,738,1,0,83830,416,275,415,202,416,275,416,477,831,477,831,275
1783,738,1,0,31020,923,312,220,141,923,312,923,453,1143,453,1143,312
1784,738,2,0,2067,834,338,39,53,834,338,834,391,873,391,873,338
1785,738,2,0,6460,332,310,68,95,332,310,332,405,400,405,400,310
1786,739,1,0,82555,377,270,395,209,377,270,377,479,772,479,772,270
1787,739,1,0,33840,943,309,235,144,943,309,943,453,1178,453,1178,309
1788,739,2,0,3276,861,316,39,84,861,316,861,400,900,400,900,316
1789,739,2,0,7725,1145,343,75,103,1145,343,1145,446,1220,446,1220,343
1790,739,2,0,6270,320,316,66,95,320,316,320,411,386,411,386,316
1791,740,1,0,41499,955,304,261,159,955,304,955,463,1216,463,1216,304
1792,740,1,0,86460,341,270,393,220,341,270,341,490,734,490,734,270
1793,740,2,0,4365,308,318,45,97,308,318,308,415,353,415,353,318
1794,740,2,0,4307,874,339,59,73,874,339,874,412,933,412,933,339
1795,741,1,0,80224,318,268,368,218,318,268,318,486,686,486,686,268
1796,741,1,0,49737,982,281,281,177,982,281,982,458,1263,458,1263,281
1797,741,4,0,2976,844,300,32,93,844,300,844,393,876,393,876,300
1798,741,2,0,4875,911,321,65,75,911,321,911,396,976,396,976,321
1799,741,2,0,3731,288,325,41,91,288,325,288,416,329,416,329,325
1800,742,1,0,55357,998,282,281,197,998,282,998,479,1279,479,1279,282
1801,742,1,0,74060,312,237,322,230,312,237,312,467,634,467,634,237
1802,742,2,0,6438,956,301,58,111,956,301,956,412,1014,412,1014,301
1803,742,4,0,4185,864,294,45,93,864,294,864,387,909,387,909,294
1804,742,2,0,5115,278,297,55,93,278,297,278,390,333,390,333,297
1805,743,2,0,8800,258,293,80,110,258,293,258,403,338,403,338,293
1806,743,1,0,57980,330,246,260,223,330,246,330,469,590,469,590,246
1807,743,2,0,1890,595,311,35,54,595,311,595,365,630,365,630,311
1808,743,4,0,3956,895,294,43,92,895,294,895,386,938,386,938,294
1809,743,1,0,49533,1043,277,237,209,1043,277,1043,486,1280,486,1280,277
1810,743,2,0,5696,992,323,64,89,992,323,992,412,1056,412,1056,323
1811,743,1,0,2208,811,300,48,46,811,300,811,346,859,346,859,300
1812,743,1,0,1760,774,301,44,40,774,301,774,341,818,341,818,301
1813,743,2,0,512,640,302,16,32,640,302,640,334,656,334,656,302
1814,743,2,0,1150,731,296,23,50,731,296,731,346,754,346,754,296
1815,744,1,0,47306,334,242,217,218,334,242,334,460,551,460,551,242
1816,744,1,0,48800,1080,260,200,244,1080,260,1080,504,1280,504,1280,260
1817,744,4,0,4100,922,284,41,100,922,284,922,384,963,384,963,284
1818,744,2,0,1770,603,301,30,59,603,301,603,360,633,360,633,301
1819,744,2,0,10488,228,289,92,114,228,289,228,403,320,403,320,289
1820,744,1,0,1833,821,291,39,47,821,291,821,338,860,338,860,291
1821,744,1,0,1849,778,291,43,43,778,291,778,334,821,334,821,291
1822,745,1,0,20155,526,281,139,145,526,281,526,426,665,426,665,281
1823,746,1,0,20672,573,279,136,152,573,279,573,431,709,431,709,279
1824,747,1,0,22842,612,272,141,162,612,272,612,434,753,434,753,272
1825,748,1,0,87246,825,222,333,262,825,222,825,484,1158,484,1158,222
1826,748,1,0,22137,605,278,141,157,605,278,605,435,746,435,746,278
1827,749,1,0,166251,913,162,367,453,913,162,913,615,1280,615,1280,162
1828,749,4,0,4730,862,284,43,110,862,284,862,394,905,394,905,284
1829,749,1,0,22940,620,276,148,155,620,276,620,431,768,431,768,276
1830,750,2,0,30732,935,326,156,197,935,326,935,523,1091,523,1091,326
1831,750,2,0,8125,577,328,65,125,577,328,577,453,642,453,642,328
1832,750,1,0,3233,757,317,61,53,757,317,757,370,818,370,818,317
1833,751,1,0,3960,758,310,72,55,758,310,758,365,830,365,830,310
1834,751,2,0,8064,569,327,64,126,569,327,569,453,633,453,633,327
1835,752,2,0,3818,576,354,46,83,576,354,576,437,622,437,622,354
1836,752,1,0,6500,762,310,100,65,762,310,762,375,862,375,862,310
1837,753,1,0,6110,782,313,94,65,782,313,782,378,876,378,876,313
1838,753,2,0,7424,564,327,64,116,564,327,564,443,628,443,628,327
1839,754,1,0,8249,802,311,113,73,802,311,802,384,915,384,915,311
1840,754,2,0,7605,566,324,65,117,566,324,566,441,631,441,631,324
1841,755,1,0,43758,138,292,234,187,138,292,138,479,372,479,372,292
1842,756,1,0,49632,108,298,264,188,108,298,108,486,372,486,372,298
1843,757,1,0,64449,70,271,279,231,70,271,70,502,349,502,349,271
1844,758,1,0,78218,38,265,302,259,38,265,38,524,340,524,340,265
1845,759,1,0,21890,1006,323,199,110,1006,323,1006,433,1205,433,1205,323
1846,759,1,0,11448,456,283,106,108,456,283,456,391,562,391,562,283
1847,760,1,0,96220,3,241,340,283,3,241,3,524,343,524,343,241
1848,761,1,0,95948,0,238,332,289,0,238,0,527,332,527,332,238
1849,762,1,0,113832,0,217,306,372,0,217,0,589,306,589,306,217
1850,763,1,0,120416,0,215,284,424,0,215,0,639,284,639,284,215
1851,764,1,0,2640,626,318,55,48,626,318,626,366,681,366,681,318
1852,765,1,0,1598,617,317,47,34,617,317,617,351,664,351,664,317
1853,765,1,0,2200,647,320,55,40,647,320,647,360,702,360,702,320
1854,766,1,0,2754,667,311,54,51,667,311,667,362,721,362,721,311
1855,766,1,0,2156,631,308,49,44,631,308,631,352,680,352,680,308
1856,767,1,0,15006,428,280,123,122,428,280,428,402,551,402,551,280
1857,767,1,0,30618,1020,322,243,126,1020,322,1020,448,1263,448,1263,322
1858,768,1,0,2440,680,317,61,40,680,317,680,357,741,357,741,317
1859,768,1,0,2592,645,308,54,48,645,308,645,356,699,356,699,308
1860,769,1,0,3534,697,320,62,57,697,320,697,377,759,377,759,320
1861,769,1,0,3276,656,313,63,52,656,313,656,365,719,365,719,313
1862,770,4,0,11310,139,305,87,130,139,305,139,435,226,435,226,305
1863,770,3,0,30267,47,295,171,177,47,295,47,472,218,472,218,295
1864,770,1,0,20358,349,308,174,117,349,308,349,425,523,425,523,308
1865,770,2,0,5456,890,339,62,88,890,339,890,427,952,427,952,339
1866,770,2,0,2640,587,328,60,44,587,328,587,372,647,372,647,328
1867,770,2,0,6448,234,324,104,62,234,324,234,386,338,386,338,324
1868,771,1,0,39780,1025,294,255,156,1025,294,1025,450,1280,450,1280,294
1869,772,2,0,4087,554,307,67,61,554,307,554,368,621,368,621,307
1870,772,1,0,5616,699,284,78,72,699,284,699,356,777,356,777,284
1871,772,1,0,94776,0,277,264,359,0,277,0,636,264,636,264,277
1872,772,3,0,27048,136,283,196,138,136,283,136,421,332,421,332,283
1873,773,1,0,2700,654,346,75,36,654,346,654,382,729,382,729,346
1874,773,2,0,2925,733,358,65,45,733,358,733,403,798,403,798,358
1875,774,1,0,3990,624,332,95,42,624,332,624,374,719,374,719,332
1876,774,2,0,9685,927,304,65,149,927,304,927,453,992,453,992,304
1877,774,2,0,10692,104,371,81,132,104,371,104,503,185,503,185,371
1878,775,1,0,8763,548,330,127,69,548,330,548,399,675,399,675,330
1879,776,1,0,13338,504,326,117,114,504,326,504,440,621,440,621,326
1880,776,4,0,2187,444,346,27,81,444,346,444,427,471,427,471,346
1881,777,1,0,15500,501,319,124,125,501,319,501,444,625,444,625,319
1882,777,4,0,3393,422,342,39,87,422,342,422,429,461,429,461,342
1883,778,1,0,17420,503,319,134,130,503,319,503,449,637,449,637,319
1884,779,1,0,16348,507,321,134,122,507,321,507,443,641,443,641,321
1885,780,1,0,17680,506,315,136,130,506,315,506,445,642,445,642,315
1886,781,1,0,17556,505,319,133,132,505,319,505,451,638,451,638,319
1887,782,1,0,17125,495,321,137,125,495,321,495,446,632,446,632,321
1888,782,4,0,39370,1107,263,155,254,1107,263,1107,517,1262,517,1262,263
1889,782,2,0,60900,1070,347,210,290,1070,347,1070,637,1280,637,1280,347
1890,783,2,0,29106,914,291,126,231,914,291,914,522,1040,522,1040,291
1891,783,1,0,18753,490,321,141,133,490,321,490,454,631,454,631,321
1892,784,1,0,4872,692,340,84,58,692,340,692,398,776,398,776,340
1893,785,4,0,5390,837,308,55,98,837,308,837,406,892,406,892,308
1894,785,2,0,15198,814,349,102,149,814,349,814,498,916,498,916,349
1895,785,1,0,17673,485,317,137,129,485,317,485,446,622,446,622,317
1896,786,4,0,5800,772,310,50,116,772,310,772,426,822,426,822,310
1897,786,1,0,19591,482,318,137,143,482,318,482,461,619,461,619,318
1898,786,2,0,9300,756,349,75,124,756,349,756,473,831,473,831,349
1899,787,1,0,17145,474,321,135,127,474,321,474,448,609,448,609,321
1900,788,1,0,10440,723,329,120,87,723,329,723,416,843,416,843,329
1901,789,1,0,16899,481,326,131,129,481,326,481,455,612,455,612,326
1902,790,1,0,14859,492,326,127,117,492,326,492,443,619,443,619,326
1903,791,1,0,13589,495,328,127,107,495,328,495,435,622,435,622,328
1904,792,1,0,13680,497,319,120,114,497,319,497,433,617,433,617,319
1905,793,1,0,14319,484,324,129,111,484,324,484,435,613,435,613,324
1906,794,4,0,7089,870,303,51,139,870,303,870,442,921,442,921,303
1907,794,1,0,13268,481,323,124,107,481,323,481,430,605,430,605,323
1908,795,1,0,13560,477,329,120,113,477,329,477,442,597,442,597,329
1909,796,4,0,5778,792,313,54,107,792,313,792,420,846,420,846,313
1910,796,1,0,12852,472,325,119,108,472,325,472,433,591,433,591,325
1911,797,4,0,14696,1013,309,88,167,1013,309,1013,476,1101,476,1101,309
1912,797,1,0,12862,467,332,118,109,467,332,467,441,585,441,585,332
1913,798,1,0,1147,576,352,37,31,576,352,576,383,613,383,613,352
1914,798,1,0,12720,468,336,120,106,468,336,468,442,588,442,588,336
1915,799,1,0,25452,786,332,202,126,786,332,786,458,988,458,988,332
1916,800,1,0,11970,474,328,114,105,474,328,474,433,588,433,588,328
1917,800,1,0,1152,585,344,36,32,585,344,585,376,621,376,621,344
1918,801,1,0,1638,596,339,42,39,596,339,596,378,638,378,638,339
1919,801,1,0,12168,474,327,117,104,474,327,474,431,591,431,591,327
1920,801,3,0,3293,766,326,37,89,766,326,766,415,803,415,803,326
1921,802,3,0,4368,813,319,42,104,813,319,813,423,855,423,855,319
1922,802,1,0,2244,607,334,51,44,607,334,607,378,658,378,658,334
1923,802,1,0,12322,478,325,122,101,478,325,478,426,600,426,600,325
1924,803,3,0,5616,879,338,54,104,879,338,879,442,933,442,933,338
1925,803,1,0,2756,623,332,53,52,623,332,623,384,676,384,676,332
1926,803,1,0,11300,489,325,113,100,489,325,489,425,602,425,602,325
1927,804,1,0,10961,489,331,113,97,489,331,489,428,602,428,602,331
1928,804,1,0,3705,633,336,65,57,633,336,633,393,698,393,698,336
1929,804,3,0,13720,981,338,98,140,981,338,981,478,1079,478,1079,338
1930,804,4,0,7844,993,307,74,106,993,307,993,413,1067,413,1067,307
1931,805,4,0,10205,1215,278,65,157,1215,278,1215,435,1280,435,1280,278
1932,805,1,0,6474,649,323,83,78,649,323,649,401,732,401,732,323
1933,805,1,0,5082,603,307,66,77,603,307,603,384,669,384,669,307
1934,805,1,0,12240,490,325,120,102,490,325,490,427,610,427,610,325
1935,806,1,0,12036,664,322,118,102,664,322,664,424,782,424,782,322
1936,806,1,0,6478,612,309,82,79,612,309,612,388,694,388,694,309
1937,806,1,0,11655,489,327,111,105,489,327,489,432,600,432,600,327
1938,807,1,0,27972,702,309,189,148,702,309,702,457,891,457,891,309
1939,807,1,0,10246,616,298,109,94,616,298,616,392,725,392,725,298
1940,807,1,0,10584,489,326,108,98,489,326,489,424,597,424,597,326
1941,808,1,0,134674,788,276,466,289,788,276,788,565,1254,565,1254,276
1942,808,1,0,15250,635,282,125,122,635,282,635,404,760,404,760,282
1943,808,1,0,10692,485,323,108,99,485,323,485,422,593,422,593,323
1944,809,1,0,29412,664,252,172,171,664,252,664,423,836,423,836,252
1945,809,1,0,10504,481,324,104,101,481,324,481,425,585,425,585,324
1946,809,1,0,8662,196,338,122,71,196,338,196,409,318,409,318,338
1947,810,1,0,360,545,343,20,18,545,343,545,361,565,361,565,343
1948,811,1,0,89976,954,311,326,276,954,311,954,587,1280,587,1280,311
1949,812,1,0,99876,698,203,348,287,698,203,698,490,1046,490,1046,203
1950,812,1,0,10692,476,327,108,99,476,327,476,426,584,426,584,327
1951,812,1,0,13695,120,346,165,83,120,346,120,429,285,429,285,346
1952,813,1,0,315234,782,0,498,633,782,0,782,633,1280,633,1280,0
1953,813,4,0,1518,706,328,23,66,706,328,706,394,729,394,729,328
1954,813,1,0,10752,467,331,112,96,467,331,467,427,579,427,579,331
1955,813,1,0,18939,61,338,177,107,61,338,61,445,238,445,238,338
1956,814,1,0,23829,8,332,169,141,8,332,8,473,177,473,177,332
1957,814,1,0,11128,462,338,107,104,462,338,462,442,569,442,569,338
1958,814,4,0,2378,774,320,29,82,774,320,774,402,803,402,803,320
1959,815,4,0,10268,913,306,68,151,913,306,913,457,981,457,981,306
1960,815,1,0,9646,459,346,106,91,459,346,459,437,565,437,565,346
1961,815,1,0,13870,0,346,95,146,0,346,0,492,95,492,95,346
1962,816,1,0,9964,452,336,106,94,452,336,452,430,558,430,558,336
1963,817,1,0,9360,459,348,104,90,459,348,459,438,563,438,563,348
1964,818,1,0,9603,464,336,99,97,464,336,464,433,563,433,563,336
1965,819,1,0,8084,476,327,94,86,476,327,476,413,570,413,570,327
1966,819,4,0,1700,745,323,25,68,745,323,745,391,770,391,770,323
1967,820,4,0,4485,852,318,39,115,852,318,852,433,891,433,891,318
1968,820,1,0,7216,481,342,88,82,481,342,481,424,569,424,569,342
1969,821,4,0,7614,809,301,54,141,809,301,809,442,863,442,863,301
1970,821,1,0,7482,485,320,86,87,485,320,485,407,571,407,571,320
1971,822,1,0,7470,485,325,90,83,485,325,485,408,575,408,575,325
1972,823,1,0,6800,490,325,85,80,490,325,490,405,575,405,575,325
1973,824,1,0,6699,484,327,87,77,484,327,484,404,571,404,571,327
1974,824,1,0,3080,412,328,55,56,412,328,412,384,467,384,467,328
1975,824,4,0,1512,391,338,24,63,391,338,391,401,415,401,415,338
1976,825,4,0,2964,364,338,38,78,364,338,364,416,402,416,402,338
1977,825,1,0,5846,486,332,79,74,486,332,486,406,565,406,565,332
1978,825,1,0,3480,404,332,60,58,404,332,404,390,464,390,464,332
1979,825,1,0,3825,700,331,75,51,700,331,700,382,775,382,775,331
1980,826,1,0,5238,715,329,97,54,715,329,715,383,812,383,812,329
1981,826,1,0,5913,484,333,81,73,484,333,484,406,565,406,565,333
1982,826,1,0,4225,391,335,65,65,391,335,391,400,456,400,456,335
1983,826,4,0,3572,342,344,38,94,342,344,342,438,380,438,380,344
1984,827,4,0,5490,297,337,45,122,297,337,297,459,342,459,342,337
1985,827,1,0,5848,365,333,86,68,365,333,365,401,451,401,451,333
1986,827,1,0,6237,481,336,81,77,481,336,481,413,562,413,562,336
1987,827,1,0,7552,723,330,118,64,723,330,723,394,841,394,841,330
1988,828,4,0,8904,227,330,53,168,227,330,227,498,280,498,280,330
1989,828,4,0,8268,272,323,52,159,272,323,272,482,324,482,324,323
1990,828,1,0,6561,482,332,81,81,482,332,482,413,563,413,563,332
1991,828,1,0,7350,338,330,98,75,338,330,338,405,436,405,436,330
1992,828,1,0,7684,737,326,113,68,737,326,737,394,850,394,850,326
1993,829,1,0,10191,767,319,129,79,767,319,767,398,896,398,896,319
1994,829,1,0,5904,479,334,82,72,479,334,479,406,561,406,561,334
1995,829,1,0,9030,328,328,105,86,328,328,328,414,433,414,433,328
1996,829,4,0,14839,169,336,71,209,169,336,169,545,240,545,240,336
1997,829,4,0,18018,103,336,77,234,103,336,103,570,180,570,180,336
1998,830,4,0,31160,0,336,95,328,0,336,0,664,95,664,95,336
1999,830,1,0,9990,318,336,111,90,318,336,318,426,429,426,429,336
2000,830,1,0,5183,494,345,73,71,494,345,494,416,567,416,567,345
2001,830,1,0,13083,804,316,147,89,804,316,804,405,951,405,951,316
2002,831,1,0,4788,496,339,76,63,496,339,496,402,572,402,572,339
2003,831,1,0,12566,291,328,122,103,291,328,291,431,413,431,413,328
2004,831,1,0,14112,841,306,147,96,841,306,841,402,988,402,988,306
2005,832,1,0,17460,887,308,180,97,887,308,887,405,1067,405,1067,308
2006,832,1,0,4489,510,335,67,67,510,335,510,402,577,402,577,335
2007,832,1,0,16456,265,320,136,121,265,320,265,441,401,441,401,320
2008,833,1,0,22638,218,313,154,147,218,313,218,460,372,460,372,313
2009,833,1,0,4760,509,333,68,70,509,333,509,403,577,403,577,333
2010,833,1,0,25080,948,301,228,110,948,301,948,411,1176,411,1176,301
2011,834,1,0,31623,1031,293,249,127,1031,293,1031,420,1280,420,1280,293
2012,834,1,0,3953,518,332,67,59,518,332,518,391,585,391,585,332
2013,834,1,0,31248,143,300,186,168,143,300,143,468,329,468,329,300
2014,835,1,0,58528,8,284,248,236,8,284,8,520,256,520,256,284
2015,835,1,0,4221,525,331,67,63,525,331,525,394,592,394,592,331
2016,835,1,0,19877,1141,298,139,143,1141,298,1141,441,1280,441,1280,298
2017,836,1,0,53746,0,252,154,349,0,252,0,601,154,601,154,252
2018,836,1,0,3660,524,334,60,61,524,334,524,395,584,395,584,334
2019,837,1,0,3696,522,343,66,56,522,343,522,399,588,399,588,343
2020,838,1,0,3894,519,341,66,59,519,341,519,400,585,400,585,341
2021,839,4,0,58128,1107,216,173,336,1107,216,1107,552,1280,552,1280,216
2022,839,1,0,3380,512,338,65,52,512,338,512,390,577,390,577,338
2023,839,1,0,832,600,338,32,26,600,338,600,364,632,364,632,338
2024,840,4,0,43605,924,253,153,285,924,253,924,538,1077,538,1077,253
2025,840,1,0,1023,601,337,33,31,601,337,601,368,634,368,634,337
2026,840,1,0,3717,510,332,63,59,510,332,510,391,573,391,573,332
2027,841,4,0,25414,823,268,97,262,823,268,823,530,920,530,920,268
2028,841,1,0,1444,603,330,38,38,603,330,603,368,641,368,641,330
2029,841,1,0,3172,509,335,61,52,509,335,509,387,570,387,570,335
2030,842,4,0,17204,736,289,92,187,736,289,736,476,828,476,828,289
2031,842,1,0,1258,606,334,37,34,606,334,606,368,643,368,643,334
2032,842,1,0,2842,509,338,58,49,509,338,509,387,567,387,567,338
2033,843,4,0,10950,699,298,75,146,699,298,699,444,774,444,774,298
2034,843,1,0,1326,611,335,39,34,611,335,611,369,650,369,650,335
2035,843,1,0,2695,516,338,55,49,516,338,516,387,571,387,571,338
2036,844,1,0,2862,519,331,53,54,519,331,519,385,572,385,572,331
2037,844,1,0,1330,618,329,38,35,618,329,618,364,656,364,656,329
2038,844,4,0,6396,675,301,52,123,675,301,675,424,727,424,727,301
2039,845,4,0,7772,642,311,58,134,642,311,642,445,700,445,700,311
2040,845,1,0,2703,524,337,53,51,524,337,524,388,577,388,577,337
2041,846,1,0,2346,535,354,51,46,535,354,535,400,586,400,586,354
2042,846,4,0,5562,622,332,54,103,622,332,622,435,676,435,676,332
2043,847,1,0,1692,643,318,47,36,643,318,643,354,690,354,690,318
2044,847,4,0,2550,615,305,34,75,615,305,615,380,649,380,649,305
2045,847,1,0,2279,542,322,53,43,542,322,542,365,595,365,595,322
2046,848,1,0,5353,344,320,101,53,344,320,344,373,445,373,445,320
2047,848,1,0,1920,650,321,48,40,650,321,650,361,698,361,698,321
2048,848,1,0,2550,544,322,50,51,544,322,544,373,594,373,594,322
2049,848,4,0,3219,606,304,37,87,606,304,606,391,643,391,643,304
2050,849,4,0,4140,605,317,46,90,605,317,605,407,651,407,651,317
2051,849,1,0,2597,664,326,53,49,664,326,664,375,717,375,717,326
2052,849,1,0,2244,556,332,51,44,556,332,556,376,607,376,607,332
2053,849,1,0,5356,343,331,103,52,343,331,343,383,446,383,446,331
2054,850,1,0,3132,664,329,58,54,664,329,664,383,722,383,722,329
2055,850,1,0,1968,562,335,41,48,562,335,562,383,603,383,603,335
2056,850,4,0,3404,598,321,37,92,598,321,598,413,635,413,635,321
2057,850,1,0,5928,324,337,114,52,324,337,324,389,438,389,438,337
2058,851,1,0,3233,667,331,61,53,667,331,667,384,728,384,728,331
2059,851,1,0,1892,555,339,43,44,555,339,555,383,598,383,598,339
2060,851,4,0,2800,583,327,35,80,583,327,583,407,618,407,618,327
2061,851,1,0,7198,294,335,122,59,294,335,294,394,416,394,416,335
2062,852,1,0,4002,670,331,69,58,670,331,670,389,739,389,739,331
2063,852,1,0,7869,276,337,129,61,276,337,276,398,405,398,405,337
2064,853,1,0,4680,681,331,72,65,681,331,681,396,753,396,753,331
2065,853,1,0,10658,240,334,146,73,240,334,240,407,386,407,386,334
2066,854,3,0,8748,189,349,81,108,189,349,189,457,270,457,270,349
2067,854,1,0,11970,182,335,171,70,182,335,182,405,353,405,353,335
2068,854,1,0,5320,682,328,76,70,682,328,682,398,758,398,758,328
2069,855,1,0,16405,135,342,193,85,135,342,135,427,328,427,328,342
2070,855,3,0,13910,114,349,107,130,114,349,114,479,221,479,221,349
2071,855,1,0,6106,693,339,86,71,693,339,693,410,779,410,779,339
2072,855,1,0,1369,562,357,37,37,562,357,562,394,599,394,599,357
2073,856,1,0,20160,91,327,224,90,91,327,91,417,315,417,315,327
2074,856,3,0,21879,0,367,153,143,0,367,0,510,153,510,153,367
2075,856,1,0,8160,708,317,102,80,708,317,708,397,810,397,810,317
2076,856,1,0,1936,567,333,44,44,567,333,567,377,611,377,611,333
2077,857,1,0,11500,730,310,115,100,730,310,730,410,845,410,845,310
2078,857,1,0,1258,569,338,37,34,569,338,569,372,606,372,606,338
2079,857,1,0,26724,7,325,262,102,7,325,7,427,269,427,269,325
2080,858,1,0,27797,0,324,209,133,0,324,0,457,209,457,209,324
2081,858,4,0,2610,433,336,29,90,433,336,433,426,462,426,462,336
2082,858,1,0,14310,757,306,135,106,757,306,757,412,892,412,892,306
2083,858,1,0,1190,575,343,35,34,575,343,575,377,610,377,610,343
2084,859,1,0,22059,784,299,171,129,784,299,784,428,955,428,955,299
2085,859,1,0,961,576,345,31,31,576,345,576,376,607,376,607,345
2086,859,4,0,3395,413,339,35,97,413,339,413,436,448,436,448,339
2087,859,1,0,19625,0,327,125,157,0,327,0,484,125,484,125,327
2088,859,1,0,8008,101,360,88,91,101,360,101,451,189,451,189,360
2089,859,1,0,10191,126,356,129,79,126,356,126,435,255,435,255,356
2090,859,1,0,6560,346,333,80,82,346,333,346,415,426,415,426,333
2091,860,1,0,11615,319,327,115,101,319,327,319,428,434,428,434,327
2092,860,4,0,4255,390,331,37,115,390,331,390,446,427,446,427,331
2093,860,1,0,35100,824,281,234,150,824,281,824,431,1058,431,1058,281
2094,860,1,0,13804,0,358,116,119,0,358,0,477,116,477,116,358
2095,860,1,0,13137,47,352,151,87,47,352,47,439,198,439,198,352
2096,860,1,0,2773,452,345,59,47,452,345,452,392,511,392,511,345
2097,861,1,0,62964,890,279,318,198,890,279,890,477,1208,477,1208,279
2098,861,4,0,7810,342,331,55,142,342,331,342,473,397,473,397,331
2099,861,1,0,13221,0,367,117,113,0,367,0,480,117,480,117,367
2100,861,1,0,2793,442,350,57,49,442,350,442,399,499,399,499,350
2101,862,1,0,675,605,344,27,25,605,344,605,369,632,369,632,344
2102,863,1,0,88992,971,235,309,288,971,235,971,523,1280,523,1280,235
2103,863,4,0,14823,269,322,81,183,269,322,269,505,350,505,350,322
2104,863,1,0,25460,195,323,190,134,195,323,195,457,385,457,385,323
2105,863,1,0,3944,424,346,68,58,424,346,424,404,492,404,492,346
2106,864,4,0,25300,134,309,92,275,134,309,134,584,226,584,226,309
2107,864,1,0,4425,398,344,75,59,398,344,398,403,473,403,473,344
2108,864,1,0,50416,48,319,274,184,48,319,48,503,322,503,322,319
2109,865,1,0,60630,0,309,235,258,0,309,0,567,235,567,235,309
2110,865,1,0,6816,363,356,96,71,363,356,363,427,459,427,459,356
2111,866,1,0,8829,327,351,109,81,327,351,327,432,436,432,436,351
2112,867,1,0,11748,275,355,132,89,275,355,275,444,407,444,407,355
2113,868,1,0,18639,207,344,171,109,207,344,207,453,378,453,378,344
2114,869,1,0,31692,108,352,228,139,108,352,108,491,336,491,336,352
2115,870,1,0,46814,0,352,263,178,0,352,0,530,263,530,263,352
2116,871,3,0,4950,387,354,50,99,387,354,387,453,437,453,437,354
2117,871,1,0,26398,0,358,134,197,0,358,0,555,134,555,134,358
2118,872,3,0,7280,308,368,65,112,308,368,308,480,373,480,373,368
2119,872,3,0,2904,371,356,33,88,371,356,371,444,404,444,404,356
2120,873,1,0,728,596,345,26,28,596,345,596,373,622,373,622,345
2121,874,3,0,19266,135,400,114,169,135,400,135,569,249,569,249,400
2122,874,3,0,4664,310,388,53,88,310,388,310,476,363,476,363,388
2123,875,3,0,11904,174,408,93,128,174,408,174,536,267,536,267,408
2124,876,1,0,2156,659,332,44,49,659,332,659,381,703,381,703,332
2125,877,1,0,961,594,341,31,31,594,341,594,372,625,372,625,341
2126,878,1,0,27548,18,314,194,142,18,314,18,456,212,456,212,314
2127,878,1,0,2940,667,328,49,60,667,328,667,388,716,388,716,328
2128,878,1,0,27939,803,278,201,139,803,278,803,417,1004,417,1004,278
2129,879,1,0,33132,824,276,251,132,824,276,824,408,1075,408,1075,276
2130,879,1,0,4761,671,329,69,69,671,329,671,398,740,398,740,329
2131,880,1,0,51128,854,260,308,166,854,260,854,426,1162,426,1162,260
2132,880,1,0,9690,690,316,95,102,690,316,690,418,785,418,785,316
2133,881,3,0,15040,30,391,160,94,30,391,30,485,190,485,190,391
2134,881,1,0,28980,734,304,180,161,734,304,734,465,914,465,914,304
2135,881,1,0,72960,898,243,380,192,898,243,898,435,1278,435,1278,243
2136,882,1,0,146234,906,205,374,391,906,205,906,596,1280,596,1280,205
2137,883,1,0,1054,598,338,31,34,598,338,598,372,629,372,629,338
2138,884,1,0,1656,616,349,46,36,616,349,616,385,662,385,662,349
2139,885,1,0,2464,630,340,56,44,630,340,630,384,686,384,686,340
2140,886,1,0,3410,643,340,62,55,643,340,643,395,705,395,705,340
2141,887,1,0,6048,660,339,84,72,660,339,660,411,744,411,744,339
2142,888,1,0,14175,693,331,135,105,693,331,693,436,828,436,828,331
2143,889,1,0,72455,780,315,337,215,780,315,780,530,1117,530,1117,315
2144,890,4,0,5180,867,306,35,148,867,306,867,454,902,454,902,306
2145,891,1,0,910,623,340,35,26,623,340,623,366,658,366,658,340
2146,892,1,0,957,619,338,33,29,619,338,619,367,652,367,652,338
2147,893,1,0,960,599,339,30,32,599,339,599,371,629,371,629,339
2148,894,1,0,875,619,344,35,25,619,344,619,369,654,369,654,344
2149,895,1,0,1147,624,345,37,31,624,345,624,376,661,376,661,345
2150,896,1,0,945,630,345,35,27,630,345,630,372,665,372,665,345
2151,897,1,0,1400,642,345,50,28,642,345,642,373,692,373,692,345
2152,897,1,0,840,591,343,35,24,591,343,591,367,626,367,626,343
2153,898,4,0,9516,835,306,61,156,835,306,835,462,896,462,896,306
2154,898,1,0,1900,652,345,50,38,652,345,652,383,702,383,702,345
2155,899,1,0,2193,653,347,51,43,653,347,653,390,704,390,704,347
2156,900,1,0,2925,639,345,65,45,639,345,639,390,704,390,704,345
2157,901,1,0,1260,605,343,35,36,605,343,605,379,640,379,640,343
2158,902,1,0,3600,638,346,72,50,638,346,638,396,710,396,710,346
2159,903,1,0,4290,642,343,78,55,642,343,642,398,720,398,720,343
2160,904,1,0,5248,643,336,82,64,643,336,643,400,725,400,725,336
2161,905,1,0,5850,651,337,90,65,651,337,651,402,741,402,741,337
2162,906,1,0,7752,656,339,102,76,656,339,656,415,758,415,758,339
2163,907,1,0,10624,670,342,128,83,670,342,670,425,798,425,798,342
2164,908,1,0,15974,688,324,163,98,688,324,688,422,851,422,851,324
2165,909,1,0,29044,724,329,212,137,724,329,724,466,936,466,936,329
2166,910,1,0,55556,781,314,323,172,781,314,781,486,1104,486,1104,314
2167,911,1,0,106197,891,299,389,273,891,299,891,572,1280,572,1280,299
2168,912,1,0,1287,606,347,39,33,606,347,606,380,645,380,645,347
2169,913,1,0,57615,1113,271,167,345,1113,271,1113,616,1280,616,1280,271
2170,914,2,0,6208,898,347,64,97,898,347,898,444,962,444,962,347
2171,915,2,0,11837,990,334,89,133,990,334,990,467,1079,467,1079,334
2172,915,2,0,7740,928,354,86,90,928,354,928,444,1014,444,1014,354
2173,916,2,0,16836,1024,353,138,122,1024,353,1024,475,1162,475,1162,353
2174,916,2,0,20787,1157,336,123,169,1157,336,1157,505,1280,505,1280,336
2175,917,2,0,9006,909,348,114,79,909,348,909,427,1023,427,1023,348
2176,917,2,0,5916,818,358,87,68,818,358,818,426,905,426,905,358
2177,917,1,0,1880,610,343,47,40,610,343,610,383,657,383,657,343
2178,918,1,0,7917,808,325,91,87,808,325,808,412,899,412,899,325
2179,919,1,0,49713,0,312,219,227,0,312,0,539,219,539,219,312
2180,919,1,0,10735,750,320,113,95,750,320,750,415,863,415,863,320
2181,920,1,0,1848,613,343,44,42,613,343,613,385,657,385,657,343
2182,920,2,0,12700,948,343,127,100,948,343,948,443,1075,443,1075,343
2183,920,2,0,6975,844,351,93,75,844,351,844,426,937,426,937,351
2184,921,2,0,2074,649,334,34,61,649,334,649,395,683,395,683,334
2185,921,1,0,14740,786,304,134,110,786,304,786,414,920,414,920,304
2186,922,1,0,1932,619,338,46,42,619,338,619,380,665,380,665,338
2187,922,2,0,13857,994,347,149,93,994,347,994,440,1143,440,1143,347
2188,922,2,0,7884,868,348,108,73,868,348,868,421,976,421,976,348
2189,923,2,0,20562,952,359,138,149,952,359,952,508,1090,508,1090,359
2190,923,4,0,13224,956,277,76,174,956,277,956,451,1032,451,1032,277
2191,924,2,0,1824,697,346,32,57,697,346,697,403,729,403,729,346
2192,925,2,0,3910,734,340,46,85,734,340,734,425,780,425,780,340
2193,926,4,0,6534,835,304,66,99,835,304,835,403,901,403,901,304
2194,926,2,0,12635,827,341,95,133,827,341,827,474,922,474,922,341
2195,927,2,0,18590,1065,349,169,110,1065,349,1065,459,1234,459,1234,349
2196,927,2,0,14351,1018,339,127,113,1018,339,1018,452,1145,452,1145,339
2197,927,2,0,11070,909,352,123,90,909,352,909,442,1032,442,1032,352
2198,927,1,0,3712,617,330,58,64,617,330,617,394,675,394,675,330
2199,928,1,0,3190,631,324,55,58,631,324,631,382,686,382,686,324
2200,929,1,0,4662,638,311,63,74,638,311,638,385,701,385,701,311
2201,930,1,0,6720,650,320,80,84,650,320,650,404,730,404,730,320
2202,931,1,0,11772,670,307,108,109,670,307,670,416,778,416,778,307
2203,932,1,0,22879,689,297,167,137,689,297,689,434,856,434,856,297
2204,933,1,0,112634,729,220,398,283,729,220,729,503,1127,503,1127,220
2205,934,1,0,3172,621,339,61,52,621,339,621,391,682,391,682,339
2206,934,2,0,18860,1116,357,164,115,1116,357,1116,472,1280,472,1280,357
2207,934,2,0,13662,958,356,138,99,958,356,958,455,1096,455,1096,356
2208,935,1,0,248056,933,35,404,614,933,35,933,649,1337,649,1337,35
2209,936,1,0,1880,502,350,47,40,502,350,502,390,549,390,549,350
2210,937,1,0,2880,479,352,64,45,479,352,479,397,543,397,543,352
2211,938,1,0,3285,463,352,73,45,463,352,463,397,536,397,536,352
2212,938,2,0,2170,741,353,35,62,741,353,741,415,776,415,776,353
2213,939,2,0,4278,829,356,46,93,829,356,829,449,875,449,875,356
2214,939,1,0,4560,440,348,80,57,440,348,440,405,520,405,520,348
2215,940,4,0,31155,1094,301,155,201,1094,301,1094,502,1249,502,1249,301
2216,940,2,0,41808,1079,366,201,208,1079,366,1079,574,1280,574,1280,366
2217,940,1,0,5850,424,351,90,65,424,351,424,416,514,416,514,351
2218,941,1,0,78980,7,337,359,220,7,337,7,557,366,557,366,337
2219,941,2,0,2668,681,349,58,46,681,349,681,395,739,395,739,349
2220,942,1,0,75522,0,355,246,307,0,355,0,662,246,662,246,355
2221,942,2,0,3540,721,370,59,60,721,370,721,430,780,430,780,370
2222,943,4,0,108288,951,217,288,376,951,217,951,593,1239,593,1239,217
2223,943,2,0,104967,936,368,327,321,936,368,936,689,1263,689,1263,368
2224,943,2,0,5576,781,341,68,82,781,341,781,423,849,423,849,341
2225,944,1,0,1326,603,339,39,34,603,339,603,373,642,373,642,339
2226,945,1,0,1794,612,341,46,39,612,341,612,380,658,380,658,341
2227,946,1,0,2205,626,339,49,45,626,339,626,384,675,384,675,339
2228,947,1,0,2438,641,341,53,46,641,341,641,387,694,387,694,341
2229,948,1,0,8064,662,328,96,84,662,328,662,412,758,412,758,328
2230,949,1,0,5544,647,334,84,66,647,334,647,400,731,400,731,334
2231,950,1,0,132525,815,288,465,285,815,288,815,573,1280,573,1280,288
2232,950,1,0,1050,616,350,35,30,616,350,616,380,651,380,651,350
2233,950,2,0,1653,695,347,29,57,695,347,695,404,724,404,724,347
2234,951,2,0,2272,748,329,32,71,748,329,748,400,780,400,780,329
2235,951,1,0,1054,624,342,34,31,624,342,624,373,658,373,658,342
2236,952,1,0,1305,631,350,45,29,631,350,631,379,676,379,676,350
2237,952,2,0,7224,834,305,56,129,834,305,834,434,890,434,890,305
2238,953,1,0,2132,634,347,52,41,634,347,634,388,686,388,686,347
2239,953,4,0,7602,1085,279,42,181,1085,279,1085,460,1127,460,1127,279
2240,953,4,0,16536,1111,282,78,212,1111,282,1111,494,1189,494,1189,282
2241,953,2,0,39360,1075,337,192,205,1075,337,1075,542,1267,542,1267,337
2242,954,1,0,79765,814,311,371,215,814,311,814,526,1185,526,1185,311
2243,954,1,0,2688,662,338,56,48,662,338,662,386,718,386,718,338
2244,955,1,0,5476,681,331,74,74,681,331,681,405,755,405,755,331
2245,956,1,0,12544,696,319,112,112,696,319,696,431,808,431,808,319
2246,957,1,0,78225,1105,226,175,447,1105,226,1105,673,1280,673,1280,226
2247,958,2,0,7446,797,344,73,102,797,344,797,446,870,446,870,344
2248,959,2,0,46224,1047,355,214,216,1047,355,1047,571,1261,571,1261,355
2249,959,4,0,28084,1065,281,119,236,1065,281,1065,517,1184,517,1184,281
2250,960,2,0,2655,624,348,45,59,624,348,624,407,669,407,669,348
2251,961,2,0,3420,711,372,57,60,711,372,711,432,768,432,768,372
2252,962,2,0,16500,874,335,125,132,874,335,874,467,999,467,999,335
2253,962,4,0,8160,878,292,60,136,878,292,878,428,938,428,938,292
2254,963,4,0,2607,471,334,33,79,471,334,471,413,504,413,504,334
2255,964,4,0,2738,502,347,37,74,502,347,502,421,539,421,539,347
2256,965,4,0,3403,532,338,41,83,532,338,532,421,573,421,573,338
2257,965,1,0,4712,322,301,76,62,322,301,322,363,398,363,398,301
2258,966,4,0,4700,568,344,47,100,568,344,568,444,615,444,615,344
2259,966,4,0,4292,290,346,58,74,290,346,290,420,348,420,348,346
2260,966,4,0,1298,421,330,22,59,421,330,421,389,443,389,443,330
2261,966,1,0,5609,366,303,79,71,366,303,366,374,445,374,445,303
2262,967,4,0,9936,616,349,72,138,616,349,616,487,688,487,688,349
2263,967,1,0,6391,420,311,83,77,420,311,420,388,503,388,503,311
2264,967,4,0,1239,457,340,21,59,457,340,457,399,478,399,478,340
2265,967,4,0,5346,302,358,66,81,302,358,302,439,368,439,368,358
2266,968,4,0,10787,693,351,67,161,693,351,693,512,760,512,760,351
2267,968,4,0,7200,310,355,75,96,310,355,310,451,385,451,385,355
2268,968,1,0,8528,464,305,104,82,464,305,464,387,568,387,568,305
2269,968,4,0,1664,492,337,26,64,492,337,492,401,518,401,518,337
2270,969,4,0,33117,790,339,133,249,790,339,790,588,923,588,923,339
2271,969,1,0,10185,526,289,105,97,526,289,526,386,631,386,631,289
2272,969,4,0,10353,307,345,87,119,307,345,307,464,394,464,394,345
2273,970,4,0,63327,1020,363,209,303,1020,363,1020,666,1229,666,1229,363
2274,970,1,0,14934,574,290,131,114,574,290,574,404,705,404,705,290
2275,970,4,0,2156,555,332,28,77,555,332,555,409,583,409,583,332
2276,970,4,0,14490,278,357,105,138,278,357,278,495,383,495,383,357
2277,971,1,0,26128,604,272,184,142,604,272,604,414,788,414,788,272
2278,971,4,0,1978,585,326,23,86,585,326,585,412,608,412,608,326
2279,971,4,0,26496,211,351,138,192,211,351,211,543,349,543,349,351
2280,972,1,0,48195,667,252,255,189,667,252,667,441,922,441,922,252
2281,972,4,0,2340,602,329,26,90,602,329,602,419,628,419,628,329
2282,972,4,0,66868,19,358,229,292,19,358,19,650,248,650,248,358
2283,973,1,0,146940,721,189,465,316,721,189,721,505,1186,505,1186,189
2284,973,4,0,3392,625,331,32,106,625,331,625,437,657,437,657,331
2285,974,1,0,210210,890,1,390,539,890,1,890,540,1280,540,1280,1
2286,974,4,0,5236,648,333,44,119,648,333,648,452,692,452,692,333
2287,974,1,0,2162,473,340,47,46,473,340,473,386,520,386,520,340
2288,975,1,0,2064,494,339,48,43,494,339,494,382,542,382,542,339
2289,975,4,0,5382,685,321,39,138,685,321,685,459,724,459,724,321
2290,975,4,0,12320,1069,309,88,140,1069,309,1069,449,1157,449,1157,309
2291,975,4,0,8216,1174,304,52,158,1174,304,1174,462,1226,462,1226,304
2292,976,2,0,9200,1193,349,80,115,1193,349,1193,464,1273,464,1273,349
2293,976,4,0,9911,733,303,53,187,733,303,733,490,786,490,786,303
2294,976,1,0,2964,510,330,57,52,510,330,510,382,567,382,567,330
2295,977,1,0,3834,541,337,71,54,541,337,541,391,612,391,612,337
2296,977,4,0,17352,826,296,72,241,826,296,826,537,898,537,898,296
2297,978,1,0,5146,574,330,83,62,574,330,574,392,657,392,657,330
2298,978,4,0,80088,995,245,188,426,995,245,995,671,1183,671,1183,245
2299,978,2,0,1392,650,348,29,48,650,348,650,396,679,396,679,348
2300,979,1,0,6512,615,322,88,74,615,322,615,396,703,396,703,322
2301,979,2,0,2886,711,337,39,74,711,337,711,411,750,411,750,337
2302,979,4,0,5850,308,365,65,90,308,365,308,455,373,455,373,365
2303,980,1,0,10695,657,320,115,93,657,320,657,413,772,413,772,320
2304,980,2,0,5200,788,341,65,80,788,341,788,421,853,421,853,341
2305,980,4,0,6798,285,375,66,103,285,375,285,478,351,478,351,375
2306,981,1,0,18644,707,319,158,118,707,319,707,437,865,437,865,319
2307,981,2,0,12705,928,339,105,121,928,339,928,460,1033,460,1033,339
2308,981,4,0,10001,228,384,73,137,228,384,228,521,301,521,301,384
2309,982,4,0,17765,128,381,95,187,128,381,128,568,223,568,223,381
2310,982,1,0,40898,785,301,242,169,785,301,785,470,1027,470,1027,301
2311,982,4,0,2788,604,351,41,68,604,351,604,419,645,419,645,351
2312,982,2,0,2496,714,338,32,78,714,338,714,416,746,416,746,338
2313,983,1,0,95976,930,279,344,279,930,279,930,558,1274,558,1274,279
2314,983,4,0,1768,631,372,34,52,631,372,631,424,665,424,665,372
2315,983,2,0,10043,844,353,83,121,844,353,844,474,927,474,927,353
2316,983,2,0,4582,775,356,58,79,775,356,775,435,833,435,833,356
2317,983,2,0,3332,711,351,49,68,711,351,711,419,760,419,760,351
2318,983,4,0,6908,851,282,44,157,851,282,851,439,895,439,895,282
2319,983,4,0,3977,772,310,41,97,772,310,772,407,813,407,813,310
2320,984,4,0,32472,1053,275,132,246,1053,275,1053,521,1185,521,1185,275
2321,984,4,0,2310,653,371,33,70,653,371,653,441,686,441,686,371
2322,984,2,0,5760,777,369,72,80,777,369,777,449,849,449,849,369
2323,984,2,0,42180,1058,363,190,222,1058,363,1058,585,1248,585,1248,363
2324,984,2,0,12036,890,368,102,118,890,368,890,486,992,486,992,368
2325,984,4,0,7260,890,318,55,132,890,318,890,450,945,450,945,318
2326,985,4,0,7519,670,349,73,103,670,349,670,452,743,452,743,349
2327,985,4,0,6570,929,302,45,146,929,302,929,448,974,448,974,302
2328,985,4,0,14400,1129,275,60,240,1129,275,1129,515,1189,515,1189,275
2329,985,4,0,14350,1179,274,70,205,1179,274,1179,479,1249,479,1249,274
2330,985,2,0,36765,1109,341,171,215,1109,341,1109,556,1280,556,1280,341
2331,985,2,0,12750,912,338,102,125,912,338,912,463,1014,463,1014,338
2332,986,4,0,3306,961,357,38,87,961,357,961,444,999,444,999,357
2333,986,4,0,9563,735,351,73,131,735,351,735,482,808,482,808,351
2334,987,4,0,22869,800,359,121,189,800,359,800,548,921,548,921,359
2335,987,4,0,7821,1043,379,79,99,1043,379,1043,478,1122,478,1122,379
2336,988,4,0,71416,949,350,226,316,949,350,949,666,1175,666,1175,350
2337,989,2,0,4472,722,352,52,86,722,352,722,438,774,438,774,352
2338,990,2,0,13266,845,355,99,134,845,355,845,489,944,489,944,355
2339,990,4,0,7992,855,307,54,148,855,307,855,455,909,455,909,307
2340,991,1,0,3190,795,328,58,55,795,328,795,383,853,383,853,328
2341,992,1,0,18952,217,327,184,103,217,327,217,430,401,430,401,327
2342,992,1,0,4216,821,327,68,62,821,327,821,389,889,389,889,327
2343,993,1,0,28122,142,333,218,129,142,333,142,462,360,462,360,333
2344,993,1,0,5236,844,338,77,68,844,338,844,406,921,406,921,338
2345,994,1,0,7676,887,343,101,76,887,343,887,419,988,419,988,343
2346,994,1,0,46944,37,334,288,163,37,334,37,497,325,497,325,334
2347,995,1,0,8349,909,350,121,69,909,350,909,419,1030,419,1030,350
2348,995,1,0,50310,12,346,215,234,12,346,12,580,227,580,227,346
2349,996,1,0,12635,968,322,133,95,968,322,968,417,1101,417,1101,322
2350,997,1,0,15134,1026,324,161,94,1026,324,1026,418,1187,418,1187,324
2351,998,1,0,25152,1088,313,192,131,1088,313,1088,444,1280,444,1280,313
2352,999,2,0,3234,837,344,42,77,837,344,837,421,879,421,879,344
2353,999,1,0,504,616,338,28,18,616,338,616,356,644,356,644,338
2354,999,4,0,1215,839,327,27,45,839,327,839,372,866,372,866,327
2355,1000,1,0,10270,1201,325,79,130,1201,325,1201,455,1280,455,1280,325
2356,1001,1,0,139194,4,193,418,333,4,193,4,526,422,526,422,193
2357,1002,1,0,120714,2,168,341,354,2,168,2,522,343,522,343,168
2358,1003,1,0,1794,625,348,46,39,625,348,625,387,671,387,671,348
2359,1004,1,0,3016,634,347,58,52,634,347,634,399,692,399,692,347
2360,1005,1,0,3850,651,349,70,55,651,349,651,404,721,404,721,349
2361,1006,1,0,7954,667,335,97,82,667,335,667,417,764,417,764,335
2362,1007,1,0,16416,697,342,152,108,697,342,697,450,849,450,849,342
2363,1008,1,0,68952,779,328,338,204,779,328,779,532,1117,532,1117,328
2364,1009,1,0,960,648,336,32,30,648,336,648,366,680,366,680,336
2365,1010,1,0,1326,643,339,34,39,643,339,643,378,677,378,677,339
2366,1011,1,0,1672,585,339,44,38,585,339,585,377,629,377,629,339
2367,1012,1,0,1848,601,343,44,42,601,343,601,385,645,385,645,343
2368,1012,2,0,851,702,352,23,37,702,352,702,389,725,389,725,352
2369,1013,1,0,3008,607,339,64,47,607,339,607,386,671,386,671,339
2370,1013,2,0,2100,731,352,35,60,731,352,731,412,766,412,766,352
2371,1014,1,0,4608,628,327,72,64,628,327,628,391,700,391,700,327
2372,1014,2,0,3402,797,343,42,81,797,343,797,424,839,424,839,343
2373,1015,1,0,9000,658,324,100,90,658,324,658,414,758,414,758,324
2374,1015,2,0,9246,928,313,67,138,928,313,928,451,995,451,995,313
2375,1016,1,0,28424,696,311,187,152,696,311,696,463,883,463,883,311
2376,1017,1,0,189528,833,254,447,424,833,254,833,678,1280,678,1280,254
2377,1018,1,0,2535,699,340,65,39,699,340,699,379,764,379,764,340
2378,1019,1,0,4424,727,342,79,56,727,342,727,398,806,398,806,342
2379,1020,1,0,5252,751,343,101,52,751,343,751,395,852,395,852,343
2380,1021,1,0,7872,776,345,123,64,776,345,776,409,899,409,899,345
2381,1022,1,0,12236,811,343,161,76,811,343,811,419,972,419,972,343
2382,1023,1,0,17892,855,339,213,84,855,339,855,423,1068,423,1068,339
2383,1024,1,0,28356,919,344,278,102,919,344,919,446,1197,446,1197,344
2384,1025,1,0,28702,1046,341,226,127,1046,341,1046,468,1272,468,1272,341
2385,1026,1,0,2160,630,343,45,48,630,343,630,391,675,391,675,343
2386,1026,1,0,3420,294,354,76,45,294,354,294,399,370,399,370,354
2387,1027,1,0,28458,5,297,153,186,5,297,5,483,158,483,158,297
2388,1028,1,0,2550,634,343,50,51,634,343,634,394,684,394,684,343
2389,1028,1,0,4264,270,355,82,52,270,355,270,407,352,407,352,355
2390,1029,2,0,4080,754,348,51,80,754,348,754,428,805,428,805,348
2391,1029,1,0,3060,710,335,51,60,710,335,710,395,761,395,761,335
2392,1030,1,0,4485,720,328,69,65,720,328,720,393,789,393,789,328
2393,1030,2,0,14214,903,357,103,138,903,357,903,495,1006,495,1006,357
2394,1030,4,0,10744,905,304,68,158,905,304,905,462,973,462,973,304
2395,1031,1,0,5396,748,326,76,71,748,326,748,397,824,397,824,326
2396,1031,1,0,3009,707,325,51,59,707,325,707,384,758,384,758,325
2397,1032,1,0,7600,765,327,95,80,765,327,765,407,860,407,860,327
2398,1032,1,0,3363,716,333,59,57,716,333,716,390,775,390,775,333
2399,1033,1,0,14934,800,314,131,114,800,314,800,428,931,428,931,314
2400,1033,1,0,3904,738,330,61,64,738,330,738,394,799,394,799,330
2401,1033,2,0,2345,716,346,35,67,716,346,716,413,751,413,751,346
2402,1033,1,0,4956,405,354,84,59,405,354,405,413,489,413,489,354
2403,1034,1,0,5032,744,328,68,74,744,328,744,402,812,402,812,328
2404,1034,1,0,27472,844,314,202,136,844,314,844,450,1046,450,1046,314
2405,1034,2,0,5529,791,346,57,97,791,346,791,443,848,443,848,346
2406,1034,2,0,1092,679,361,26,42,679,361,679,403,705,403,705,361
2407,1034,1,0,5580,363,363,93,60,363,363,363,423,456,423,456,363
2408,1035,2,0,1953,720,354,31,63,720,354,720,417,751,417,751,354
2409,1035,1,0,49808,949,299,283,176,949,299,949,475,1232,475,1232,299
2410,1035,1,0,10152,769,325,108,94,769,325,769,419,877,419,877,325
2411,1035,2,0,7412,316,367,109,68,316,367,316,435,425,435,425,367
2412,1035,4,0,2146,478,336,29,74,478,336,478,410,507,410,507,336
2413,1035,2,0,45704,1083,372,197,232,1083,372,1083,604,1280,604,1280,372
2414,1035,4,0,30870,1096,275,126,245,1096,275,1096,520,1222,520,1222,275
2415,1036,4,0,7571,869,308,67,113,869,308,869,421,936,421,936,308
2416,1036,2,0,7326,871,375,74,99,871,375,871,474,945,474,945,375
2417,1036,4,0,20072,0,331,104,193,0,331,0,524,104,524,104,331
2418,1036,2,0,43400,1,423,175,248,1,423,1,671,176,671,176,423
2419,1037,2,0,5376,921,352,56,96,921,352,921,448,977,448,977,352
2420,1037,4,0,3136,926,326,32,98,926,326,926,424,958,424,958,326
2421,1038,1,0,6318,670,325,78,81,670,325,670,406,748,406,748,325
2422,1038,1,0,5544,253,352,88,63,253,352,253,415,341,415,341,352
2423,1039,2,0,121584,871,242,408,298,871,242,871,540,1279,540,1279,242
2424,1040,1,0,114745,1015,248,265,433,1015,248,1015,681,1280,681,1280,248
2425,1041,1,0,197658,863,207,417,474,863,207,863,681,1280,681,1280,207
2426,1042,1,0,216972,788,222,492,441,788,222,788,663,1280,663,1280,222
2427,1043,1,0,188650,717,257,539,350,717,257,717,607,1256,607,1256,257
2428,1044,1,0,106920,676,271,396,270,676,271,676,541,1072,541,1072,271
2429,1045,1,0,70970,659,282,302,235,659,282,659,517,961,517,961,282
2430,1046,4,0,15980,268,323,94,170,268,323,268,493,362,493,362,323
2431,1046,2,0,1998,517,347,37,54,517,347,517,401,554,401,554,347
2432,1046,2,0,16500,267,372,100,165,267,372,267,537,367,537,367,372
2433,1047,2,0,12369,814,363,93,133,814,363,814,496,907,496,907,363
2434,1047,2,0,7725,333,409,75,103,333,409,333,512,408,512,408,409
2435,1047,4,0,7950,826,312,53,150,826,312,826,462,879,462,879,312
2436,1047,4,0,8385,342,341,65,129,342,341,342,470,407,470,407,341
2437,1048,4,0,8976,307,337,68,132,307,337,307,469,375,469,375,337
2438,1048,2,0,11088,299,379,77,144,299,379,299,523,376,523,376,379
2439,1049,4,0,15228,227,343,94,162,227,343,227,505,321,505,321,343
2440,1049,2,0,15805,220,418,109,145,220,418,220,563,329,563,329,418
2441,1050,4,0,28200,144,343,120,235,144,343,144,578,264,578,264,343
2442,1050,1,0,468,491,351,26,18,491,351,491,369,517,369,517,351
2443,1050,2,0,25160,130,441,136,185,130,441,130,626,266,626,266,441
2444,1051,4,0,38778,0,321,138,281,0,321,0,602,138,602,138,321
2445,1051,2,0,34506,0,456,142,243,0,456,0,699,142,699,142,456
2446,1051,1,0,338,483,350,26,13,483,350,483,363,509,363,509,350
2447,1052,2,0,1100,634,342,25,44,634,342,634,386,659,386,659,342
2448,1053,2,0,1500,673,343,30,50,673,343,673,393,703,393,703,343
2449,1054,1,0,392,524,346,28,14,524,346,524,360,552,360,552,346
2450,1054,2,0,1911,721,360,39,49,721,360,721,409,760,409,760,360
2451,1055,1,0,572,539,343,26,22,539,343,539,365,565,365,565,343
2452,1055,2,0,2970,790,360,45,66,790,360,790,426,835,426,835,360
2453,1056,2,0,6336,886,352,64,99,886,352,886,451,950,451,950,352
2454,1056,1,0,672,535,343,28,24,535,343,535,367,563,367,563,343
2455,1057,4,0,19600,1161,326,100,196,1161,326,1161,522,1261,522,1261,326
2456,1057,2,0,22720,1138,392,142,160,1138,392,1138,552,1280,552,1280,392
2457,1057,1,0,570,533,347,30,19,533,347,533,366,563,366,563,347
2458,1058,1,0,576,526,343,32,18,526,343,526,361,558,361,558,343
2459,1059,1,0,627,515,344,33,19,515,344,515,363,548,363,548,344
2460,1060,1,0,522,512,345,29,18,512,345,512,363,541,363,541,345
2461,1061,1,0,620,504,348,31,20,504,348,504,368,535,368,535,348
2462,1062,1,0,648,493,347,36,18,493,347,493,365,529,365,529,347
2463,1063,1,0,756,486,343,36,21,486,343,486,364,522,364,522,343
2464,1064,1,0,1025,481,344,41,25,481,344,481,369,522,369,522,344
2465,1065,1,0,1080,487,343,40,27,487,343,487,370,527,370,527,343
2466,1066,1,0,1075,490,342,43,25,490,342,490,367,533,367,533,342
2467,1067,1,0,1014,499,340,39,26,499,340,499,366,538,366,538,340
2468,1068,1,0,1470,504,342,49,30,504,342,504,372,553,372,553,342
2469,1069,1,0,1716,514,343,52,33,514,343,514,376,566,376,566,343
2470,1070,1,0,1800,524,340,50,36,524,340,524,376,574,376,574,340
2471,1071,1,0,1881,526,348,57,33,526,348,526,381,583,381,583,348
2472,1072,1,0,2072,534,345,56,37,534,345,534,382,590,382,590,345
2473,1073,1,0,2494,541,342,58,43,541,342,541,385,599,385,599,342
2474,1074,1,0,2881,543,339,67,43,543,339,543,382,610,382,610,339
2475,1075,1,0,3337,552,339,71,47,552,339,552,386,623,386,623,339
2476,1076,2,0,2550,1108,369,51,50,1108,369,1108,419,1159,419,1159,369
2477,1076,4,0,2808,1114,341,39,72,1114,341,1114,413,1153,413,1153,341
2478,1076,1,0,10530,1150,325,130,81,1150,325,1150,406,1280,406,1280,325
2479,1076,2,0,1944,1238,365,36,54,1238,365,1238,419,1274,419,1274,365
2480,1077,1,0,4028,562,335,76,53,562,335,562,388,638,388,638,335
2481,1078,1,0,4750,563,338,95,50,563,338,563,388,658,388,658,338
2482,1079,1,0,6175,582,336,95,65,582,336,582,401,677,401,677,336
2483,1080,1,0,7313,609,333,103,71,609,333,609,404,712,404,712,333
2484,1081,1,0,10087,644,338,131,77,644,338,644,415,775,415,775,338
2485,1082,1,0,14076,683,332,153,92,683,332,683,424,836,424,836,332
2486,1083,1,0,19822,734,329,187,106,734,329,734,435,921,435,921,329
2487,1084,1,0,33456,805,313,246,136,805,313,805,449,1051,449,1051,313
2488,1084,2,0,3120,215,364,48,65,215,364,215,429,263,429,263,364
2489,1084,2,0,1116,448,350,31,36,448,350,448,386,479,386,479,350
2490,1085,1,0,64974,900,308,357,182,900,308,900,490,1257,490,1257,308
2491,1085,2,0,1008,502,355,28,36,502,355,502,391,530,391,530,355
2492,1085,2,0,3300,203,386,55,60,203,386,203,446,258,446,258,386
2493,1086,1,0,50953,1035,290,251,203,1035,290,1035,493,1286,493,1286,290
2494,1086,2,0,1260,549,347,28,45,549,347,549,392,577,392,577,347
2495,1086,2,0,6097,167,364,67,91,167,364,167,455,234,455,234,364
2496,1087,2,0,3245,989,361,55,59,989,361,989,420,1044,420,1044,361
2497,1087,2,0,2356,1110,364,38,62,1110,364,1110,426,1148,426,1148,364
2498,1088,4,0,8142,142,338,59,138,142,338,142,476,201,476,201,338
2499,1088,2,0,4675,131,400,55,85,131,400,131,485,186,485,186,400
2500,1088,2,0,2457,603,350,39,63,603,350,603,413,642,413,642,350
2501,1089,2,0,2010,697,359,30,67,697,359,697,426,727,426,727,359
2502,1089,2,0,7020,40,417,78,90,40,417,40,507,118,507,118,417
2503,1089,4,0,12600,65,328,72,175,65,328,65,503,137,503,137,328
2504,1089,4,0,3420,678,322,38,90,678,322,678,412,716,412,716,322
2505,1090,2,0,11224,830,370,92,122,830,370,830,492,922,492,922,370
2506,1090,4,0,8700,834,311,50,174,834,311,834,485,884,485,884,311
2507,1091,1,0,4148,481,302,61,68,481,302,481,370,542,370,542,302
2508,1092,1,0,12915,1175,287,105,123,1175,287,1175,410,1280,410,1280,287
2509,1092,2,0,4437,1112,368,87,51,1112,368,1112,419,1199,419,1199,368
2510,1092,2,0,2867,986,366,47,61,986,366,986,427,1033,427,1033,366
2511,1092,2,0,3250,886,365,50,65,886,365,886,430,936,430,936,365
2512,1093,1,0,5520,525,301,69,80,525,301,525,381,594,381,594,301
2513,1094,1,0,8084,567,297,86,94,567,297,567,391,653,391,653,297
2514,1094,2,0,780,540,328,20,39,540,328,540,367,560,367,560,328
2515,1095,2,0,1008,576,332,24,42,576,332,576,374,600,374,600,332
2516,1095,1,0,13221,616,293,113,117,616,293,616,410,729,410,729,293
2517,1096,1,0,22946,671,282,154,149,671,282,671,431,825,431,825,282
2518,1096,2,0,1666,603,331,34,49,603,331,603,380,637,380,637,331
2519,1097,1,0,65009,755,230,259,251,755,230,755,481,1014,481,1014,230
2520,1097,2,0,1960,651,335,35,56,651,335,651,391,686,391,686,335
2521,1098,1,0,210542,943,120,398,529,943,120,943,649,1341,649,1341,120
2522,1098,2,0,3724,713,338,49,76,713,338,713,414,762,414,762,338
2523,1099,2,0,6745,825,360,71,95,825,360,825,455,896,455,896,360
2524,1099,4,0,6016,834,318,47,128,834,318,834,446,881,446,881,318
2525,1100,2,0,42016,1078,362,202,208,1078,362,1078,570,1280,570,1280,362
2526,1100,4,0,18662,1111,291,86,217,1111,291,1111,508,1197,508,1197,291
2527,1101,2,0,1204,606,350,28,43,606,350,606,393,634,393,634,350
2528,1102,2,0,1848,634,356,33,56,634,356,634,412,667,412,667,356
2529,1103,4,0,2484,784,356,36,69,784,356,784,425,820,425,820,356
2530,1103,1,0,37180,880,287,286,130,880,287,880,417,1166,417,1166,287
2531,1103,2,0,2640,779,380,55,48,779,380,779,428,834,428,834,380
2532,1103,2,0,1462,884,383,34,43,884,383,884,426,918,426,918,383
2533,1104,2,0,2898,673,355,42,69,673,355,673,424,715,424,715,355
2534,1105,2,0,7134,737,342,58,123,737,342,737,465,795,465,795,342
2535,1106,2,0,30900,898,368,150,206,898,368,898,574,1048,574,1048,368
2536,1107,2,0,2394,770,365,38,63,770,365,770,428,808,428,808,365
2537,1107,4,0,2592,699,355,36,72,699,355,699,427,735,427,735,355
2538,1107,4,0,1166,959,349,22,53,959,349,959,402,981,402,981,349
2539,1107,2,0,2706,942,368,66,41,942,368,942,409,1008,409,1008,368
2540,1107,1,0,9048,1147,317,104,87,1147,317,1147,404,1251,404,1251,317
2541,1107,1,0,3886,1221,347,58,67,1221,347,1221,414,1279,414,1279,347
2542,1107,1,0,27376,635,295,232,118,635,295,635,413,867,413,867,295
2543,1107,2,0,2880,643,369,60,48,643,369,643,417,703,417,703,369
2544,1107,4,0,2418,650,353,39,62,650,353,650,415,689,415,689,353
2545,1108,4,0,2368,626,357,37,64,626,357,626,421,663,421,663,357
2546,1108,2,0,2750,664,377,55,50,664,377,664,427,719,427,719,377
2547,1108,1,0,14960,918,334,187,80,918,334,918,414,1105,414,1105,334
2548,1108,1,0,7452,1080,311,81,92,1080,311,1080,403,1161,403,1161,311
2549,1108,4,0,2015,672,351,31,65,672,351,672,416,703,416,703,351
2550,1108,2,0,2392,612,383,52,46,612,383,612,429,664,429,664,383
2551,1109,1,0,19594,207,390,194,101,207,390,207,491,401,491,401,390
2552,1110,1,0,24080,155,392,215,112,155,392,155,504,370,504,370,392
2553,1111,1,0,31185,81,400,231,135,81,400,81,535,312,535,312,400
2554,1112,2,0,6890,1022,367,65,106,1022,367,1022,473,1087,473,1087,367
2555,1112,1,0,40411,0,400,251,161,0,400,0,561,251,561,251,400
2556,1113,2,0,19040,1159,374,119,160,1159,374,1159,534,1278,534,1278,374
2557,1114,4,0,5616,387,334,39,144,387,334,387,478,426,478,426,334
2558,1115,4,0,3990,561,354,57,70,561,354,561,424,618,424,618,354
2559,1115,1,0,11753,679,337,161,73,679,337,679,410,840,410,840,337
2560,1115,1,0,10272,983,304,107,96,983,304,983,400,1090,400,1090,304
2561,1115,2,0,3948,548,376,84,47,548,376,548,423,632,423,632,376
2562,1116,4,0,7068,415,306,57,124,415,306,415,430,472,430,472,306
2563,1116,2,0,7420,412,345,70,106,412,345,412,451,482,451,482,345
2564,1116,4,0,11840,296,320,64,185,296,320,296,505,360,505,360,320
2565,1117,4,0,8479,336,304,61,139,336,304,336,443,397,443,397,304
2566,1117,2,0,10920,323,340,84,130,323,340,323,470,407,470,407,340
2567,1117,4,0,20124,156,305,86,234,156,305,156,539,242,539,242,305
2568,1118,2,0,20700,235,292,100,207,235,292,235,499,335,499,335,292
2569,1118,2,0,22188,213,341,129,172,213,341,213,513,342,513,342,341
2570,1118,4,0,15052,136,310,71,212,136,310,136,522,207,522,207,310
2571,1119,4,0,29358,76,296,126,233,76,296,76,529,202,529,202,296
2572,1119,2,0,33015,61,369,155,213,61,369,61,582,216,582,216,369
2573,1120,1,0,1804,551,300,41,44,551,300,551,344,592,344,592,300
2574,1121,1,0,2279,568,302,43,53,568,302,568,355,611,355,611,302
2575,1122,1,0,2756,575,305,52,53,575,305,575,358,627,358,627,305
2576,1123,1,0,11323,441,337,169,67,441,337,441,404,610,404,610,337
2577,1123,2,0,4183,948,357,89,47,948,357,948,404,1037,404,1037,357
2578,1123,1,0,8748,926,300,108,81,926,300,926,381,1034,381,1034,300
2579,1123,2,0,5402,467,360,74,73,467,360,467,433,541,433,541,360
2580,1124,1,0,3510,588,306,54,65,588,306,588,371,642,371,642,306
2581,1125,1,0,4092,606,313,62,66,606,313,606,379,668,379,668,313
2582,1126,1,0,5550,617,314,75,74,617,314,617,388,692,388,692,314
2583,1127,1,0,8170,634,299,86,95,634,299,634,394,720,394,720,299
2584,1128,1,0,13108,651,299,113,116,651,299,651,415,764,415,764,299
2585,1129,1,0,24138,694,274,162,149,694,274,694,423,856,423,856,274
2586,1130,1,0,57088,772,247,256,223,772,247,772,470,1028,470,1028,247
2587,1131,1,0,237600,898,112,440,540,898,112,898,652,1338,652,1338,112
2588,1132,4,0,3408,426,345,48,71,426,345,426,416,474,416,474,345
2589,1132,4,0,1584,784,331,33,48,784,331,784,379,817,379,817,331
2590,1132,2,0,4700,746,354,94,50,746,354,746,404,840,404,840,354
2591,1132,2,0,3136,432,363,56,56,432,363,432,419,488,419,488,363
2592,1132,2,0,2925,365,363,65,45,365,363,365,408,430,408,430,363
2593,1132,4,0,2370,383,333,30,79,383,333,383,412,413,412,413,333
2594,1132,1,0,10185,882,295,105,97,882,295,882,392,987,392,987,295
2595,1133,2,0,2664,757,359,37,72,757,359,757,431,794,431,794,359
2596,1134,2,0,10476,835,376,108,97,835,376,835,473,943,473,943,376
2597,1134,1,0,21808,994,319,188,116,994,319,994,435,1182,435,1182,319
2598,1135,2,0,1530,902,378,30,51,902,378,902,429,932,429,932,378
2599,1135,4,0,16046,1145,298,71,226,1145,298,1145,524,1216,524,1216,298
2600,1135,2,0,32470,1110,379,170,191,1110,379,1110,570,1280,570,1280,379
2601,1136,2,0,5310,958,360,59,90,958,360,958,450,1017,450,1017,360
2602,1137,2,0,7800,1046,364,78,100,1046,364,1046,464,1124,464,1124,364
2603,1138,2,0,11445,1164,381,109,105,1164,381,1164,486,1273,486,1273,381
2604,1139,2,0,4350,551,350,87,50,551,350,551,400,638,400,638,350
2605,1139,2,0,4489,383,358,67,67,383,358,383,425,450,425,450,358
2606,1139,4,0,2890,393,333,34,85,393,333,393,418,427,418,427,333
2607,1139,4,0,1647,587,327,27,61,587,327,587,388,614,388,614,327
2608,1139,1,0,10176,847,290,106,96,847,290,847,386,953,386,953,290
2609,1140,4,0,2835,1033,364,35,81,1033,364,1033,445,1068,445,1068,364
2610,1141,4,0,4750,1119,368,50,95,1119,368,1119,463,1169,463,1169,368
2611,1142,2,0,2856,875,367,51,56,875,367,875,423,926,423,926,367
2612,1142,2,0,6784,963,361,106,64,963,361,963,425,1069,425,1069,361
2613,1143,2,0,11088,1045,352,126,88,1045,352,1045,440,1171,440,1171,352
2614,1143,2,0,3960,938,373,66,60,938,373,938,433,1004,433,1004,373
2615,1144,2,0,6794,1017,365,86,79,1017,365,1017,444,1103,444,1103,365
2616,1144,2,0,11780,1156,357,124,95,1156,357,1156,452,1280,452,1280,357
2617,1145,2,0,10528,1127,368,112,94,1127,368,1127,462,1239,462,1239,368
2618,1146,4,0,5568,359,343,64,87,359,343,359,430,423,430,423,343
2619,1146,2,0,4347,354,371,69,63,354,371,354,434,423,434,423,371
2620,1146,1,0,42625,928,263,341,125,928,263,928,388,1269,388,1269,263
2621,1146,1,0,10976,826,292,112,98,826,292,826,390,938,390,938,292
2622,1147,4,0,6510,133,361,42,155,133,361,133,516,175,516,175,361
2623,1148,4,0,10065,89,354,55,183,89,354,89,537,144,537,144,354
2624,1149,4,0,11457,32,347,57,201,32,347,32,548,89,548,89,347
2625,1150,2,0,6480,82,370,72,90,82,370,82,460,154,460,154,370
2626,1151,2,0,4346,332,365,53,82,332,365,332,447,385,447,385,365
2627,1151,1,0,48720,723,259,336,145,723,259,723,404,1059,404,1059,259
2628,1151,2,0,3726,1022,348,81,46,1022,348,1022,394,1103,394,1103,348
2629,1152,2,0,7220,193,355,76,95,193,355,193,450,269,450,269,355
2630,1153,2,0,10340,310,362,94,110,310,362,310,472,404,472,404,362
2631,1153,2,0,946,54,334,22,43,54,334,54,377,76,377,76,334
2632,1154,2,0,15194,445,357,107,142,445,357,445,499,552,499,552,357
2633,1155,2,0,28620,582,370,159,180,582,370,582,550,741,550,741,370
2634,1155,4,0,10388,623,306,53,196,623,306,623,502,676,502,676,306
2635,1155,4,0,6880,597,294,40,172,597,294,597,466,637,466,637,294
2636,1155,2,0,1479,253,340,29,51,253,340,253,391,282,391,282,340
2637,1156,4,0,12705,784,270,55,231,784,270,784,501,839,501,839,270
2638,1156,4,0,25620,811,287,105,244,811,287,811,531,916,531,916,287
2639,1156,2,0,79170,758,365,273,290,758,365,758,655,1031,655,1031,365
2640,1156,2,0,1925,329,342,35,55,329,342,329,397,364,397,364,342
2641,1156,2,0,1014,272,338,26,39,272,338,272,377,298,377,298,338
2642,1157,2,0,2310,410,338,33,70,410,338,410,408,443,408,443,338
2643,1157,4,0,43142,1145,206,106,407,1145,206,1145,613,1251,613,1251,206
2644,1158,2,0,3483,477,330,43,81,477,330,477,411,520,411,520,330
2645,1159,2,0,3040,547,333,40,76,547,333,547,409,587,409,587,333
2646,1160,2,0,5808,627,349,66,88,627,349,627,437,693,437,693,349
2647,1160,2,0,1617,499,335,33,49,499,335,499,384,532,384,532,335
2648,1161,2,0,12412,730,353,107,116,730,353,730,469,837,469,837,353
2649,1161,2,0,2993,565,335,41,73,565,335,565,408,606,408,606,335
2650,1162,1,0,48600,523,267,324,150,523,267,523,417,847,417,847,267
2651,1162,4,0,4557,305,349,49,93,305,349,305,442,354,442,354,349
2652,1162,1,0,7854,842,285,77,102,842,285,842,387,919,387,919,285
2653,1162,1,0,20520,1031,312,216,95,1031,312,1031,407,1247,407,1247,312
2654,1162,2,0,4875,299,376,65,75,299,376,299,451,364,451,364,376
2655,1163,2,0,41327,938,312,187,221,938,312,938,533,1125,533,1125,312
2656,1163,2,0,4590,648,339,54,85,648,339,648,424,702,424,702,339
2657,1163,4,0,17380,978,284,79,220,978,284,978,504,1057,504,1057,284
2658,1164,2,0,5723,766,350,59,97,766,350,766,447,825,447,825,350
2659,1165,2,0,18445,903,348,119,155,903,348,903,503,1022,503,1022,348
2660,1166,1,0,52614,311,272,333,158,311,272,311,430,644,430,644,272
2661,1166,1,0,18360,818,324,216,85,818,324,818,409,1034,409,1034,324
2662,1166,2,0,5478,282,369,66,83,282,369,282,452,348,452,348,369
2663,1166,4,0,5264,285,339,47,112,285,339,285,451,332,451,332,339
2664,1167,1,0,60705,95,269,355,171,95,269,95,440,450,440,450,269
2665,1167,1,0,18480,611,329,210,88,611,329,611,417,821,417,821,329
2666,1167,1,0,10602,815,292,114,93,815,292,815,385,929,385,929,292
2667,1167,4,0,5668,274,344,52,109,274,344,274,453,326,453,326,344
2668,1167,2,0,4216,275,384,62,68,275,384,275,452,337,452,337,384
2669,1168,2,0,855,748,360,19,45,748,360,748,405,767,405,767,360
2670,1169,4,0,5665,269,353,55,103,269,353,269,456,324,456,324,353
2671,1169,1,0,29680,933,306,280,106,933,306,933,412,1213,412,1213,306
2672,1169,1,0,12177,818,293,123,99,818,293,818,392,941,392,941,293
2673,1169,1,0,18618,393,343,214,87,393,343,393,430,607,430,607,343
2674,1169,2,0,5025,263,386,67,75,263,386,263,461,330,461,330,386
2675,1170,2,0,2046,766,364,33,62,766,364,766,426,799,426,799,364
2676,1171,2,0,4018,786,340,49,82,786,340,786,422,835,422,835,340
2677,1172,2,0,7068,845,335,62,114,845,335,845,449,907,449,907,335
2678,1173,4,0,32035,993,296,149,215,993,296,993,511,1142,511,1142,296
2679,1173,2,0,40014,992,351,171,234,992,351,992,585,1163,585,1163,351
2680,1174,2,0,1440,870,335,30,48,870,335,870,383,900,383,900,335
2681,1175,2,0,1440,859,360,30,48,859,360,859,408,889,408,889,360
2682,1175,2,0,1066,831,352,26,41,831,352,831,393,857,393,857,352
2683,1176,2,0,2088,854,356,36,58,854,356,854,414,890,414,890,356
2684,1176,2,0,1802,809,347,34,53,809,347,809,400,843,400,843,347
2685,1177,1,0,32376,708,305,284,114,708,305,708,419,992,419,992,305
2686,1177,4,0,5830,247,353,53,110,247,353,247,463,300,463,300,353
2687,1177,1,0,19380,165,354,228,85,165,354,165,439,393,439,393,354
2688,1177,2,0,5904,241,389,82,72,241,389,241,461,323,461,323,389
2689,1178,2,0,5208,869,357,56,93,869,357,869,450,925,450,925,357
2690,1178,2,0,2646,801,351,42,63,801,351,801,414,843,414,843,351
2691,1179,2,0,3266,798,355,46,71,798,355,798,426,844,426,844,355
2692,1179,2,0,9750,913,352,75,130,913,352,913,482,988,482,988,352
2693,1180,2,0,41548,1032,356,188,221,1032,356,1032,577,1220,577,1220,356
2694,1180,2,0,6324,812,353,62,102,812,353,812,455,874,455,874,353
2695,1181,2,0,16100,867,358,100,161,867,358,867,519,967,519,967,358
2696,1181,2,0,1860,754,347,31,60,754,347,754,407,785,407,785,347
2697,1181,2,0,4720,807,350,59,80,807,350,807,430,866,430,866,350
2698,1182,4,0,36754,1142,240,94,391,1142,240,1142,631,1236,631,1236,240
2699,1182,4,0,23206,1087,239,82,283,1087,239,1087,522,1169,522,1169,239
2700,1182,2,0,48600,1080,406,200,243,1080,406,1080,649,1280,649,1280,406
2701,1182,2,0,8349,870,345,69,121,870,345,870,466,939,466,939,345
2702,1182,2,0,2640,748,345,40,66,748,345,748,411,788,411,788,345
2703,1183,2,0,43380,1011,329,180,241,1011,329,1011,570,1191,570,1191,329
2704,1183,4,0,30774,1006,290,138,223,1006,290,1006,513,1144,513,1144,290
2705,1183,2,0,3825,763,358,51,75,763,358,763,433,814,433,814,358
2706,1184,2,0,12420,816,346,90,138,816,346,816,484,906,484,906,346
2707,1185,2,0,72930,980,344,255,286,980,344,980,630,1235,630,1235,344
2708,1185,4,0,27692,1038,255,86,322,1038,255,1038,577,1124,577,1124,255
2709,1186,1,0,31122,484,317,273,114,484,317,484,431,757,431,757,317
2710,1186,4,0,8001,227,349,63,127,227,349,227,476,290,476,290,349
2711,1186,1,0,8835,69,354,95,93,69,354,69,447,164,447,164,354
2712,1186,1,0,14580,833,296,135,108,833,296,833,404,968,404,968,296
2713,1186,2,0,8051,223,385,83,97,223,385,223,482,306,482,306,385
2714,1187,4,0,19950,54,350,114,175,54,350,54,525,168,525,168,350
2715,1187,2,0,14577,61,397,113,129,61,397,61,526,174,526,174,397
2716,1187,1,0,21780,872,275,165,132,872,275,872,407,1037,407,1037,275
2717,1188,1,0,114056,764,274,424,269,764,274,764,543,1188,543,1188,274
2718,1188,2,0,43428,147,359,154,282,147,359,147,641,301,641,301,359
2719,1188,4,0,35995,13,321,115,313,13,321,13,634,128,634,128,321
2720,1188,4,0,19089,123,322,63,303,123,322,123,625,186,625,186,322
2721,1188,2,0,18408,283,372,104,177,283,372,283,549,387,549,387,372
2722,1188,2,0,10062,372,371,78,129,372,371,372,500,450,500,450,371
2723,1188,1,0,8262,580,326,102,81,580,326,580,407,682,407,682,326
2724,1188,2,0,2052,473,352,36,57,473,352,473,409,509,409,509,352
2725,1188,4,0,2964,417,339,38,78,417,339,417,417,455,417,455,339
2726,1188,2,0,702,526,349,18,39,526,349,526,388,544,388,544,349
2727,1189,1,0,192712,838,240,442,436,838,240,838,676,1280,676,1280,240
2728,1189,2,0,69552,43,371,207,336,43,371,43,707,250,707,250,371
2729,1189,1,0,9594,583,331,117,82,583,331,583,413,700,413,700,331
2730,1189,4,0,22865,40,332,85,269,40,332,40,601,125,601,125,332
2731,1189,2,0,23837,234,376,121,197,234,376,234,573,355,573,355,376
2732,1189,2,0,14259,332,369,97,147,332,369,332,516,429,516,429,369
2733,1189,2,0,2124,460,357,36,59,460,357,460,416,496,416,496,357
2734,1189,2,0,800,506,355,25,32,506,355,506,387,531,387,531,355
2735,1190,1,0,152946,987,158,293,522,987,158,987,680,1280,680,1280,158
2736,1190,1,0,14352,590,327,138,104,590,327,590,431,728,431,728,327
2737,1190,2,0,1075,496,352,25,43,496,352,496,395,521,395,521,352
2738,1190,2,0,2242,446,363,38,59,446,363,446,422,484,422,484,363
2739,1190,4,0,2769,333,345,39,71,333,345,333,416,372,416,372,345
2740,1190,4,0,10944,233,316,64,171,233,316,233,487,297,487,297,316
2741,1190,2,0,17658,300,376,109,162,300,376,300,538,409,538,409,376
2742,1190,2,0,35916,168,376,146,246,168,376,168,622,314,622,314,376
2743,1190,2,0,55384,0,369,161,344,0,369,0,713,161,713,161,369
2744,1191,2,0,48430,80,386,167,290,80,386,80,676,247,676,247,386
2745,1191,2,0,26696,227,384,142,188,227,384,227,572,369,572,369,384
2746,1191,4,0,2937,267,344,33,89,267,344,267,433,300,433,300,344
2747,1191,2,0,2460,429,367,41,60,429,367,429,427,470,427,470,367
2748,1191,2,0,897,477,362,23,39,477,362,477,401,500,401,500,362
2749,1191,1,0,18666,604,331,153,122,604,331,604,453,757,453,757,331
2750,1192,1,0,32562,613,314,201,162,613,314,613,476,814,476,814,314
2751,1192,2,0,36456,163,394,168,217,163,394,163,611,331,611,331,394
2752,1192,2,0,52298,0,389,158,331,0,389,0,720,158,720,158,389
2753,1192,2,0,3060,414,366,45,68,414,366,414,434,459,434,459,366
2754,1192,2,0,1421,462,361,29,49,462,361,462,410,491,410,491,361
2755,1192,1,0,2968,579,339,53,56,579,339,579,395,632,395,632,339
2756,1192,1,0,2014,555,343,38,53,555,343,555,396,593,396,593,343
2757,1193,2,0,50964,109,380,186,274,109,380,109,654,295,654,295,380
2758,1193,2,0,2604,407,371,42,62,407,371,407,433,449,433,449,371
2759,1193,2,0,1643,452,360,31,53,452,360,452,413,483,413,483,360
2760,1193,1,0,56964,637,312,282,202,637,312,637,514,919,514,919,312
2761,1193,2,0,3776,583,335,59,64,583,335,583,399,642,399,642,335
2762,1193,4,0,1220,601,345,20,61,601,345,601,406,621,406,621,345
2763,1193,1,0,2254,556,345,46,49,556,345,556,394,602,394,602,345
2764,1193,2,0,936,524,357,24,39,524,357,524,396,548,396,548,357
2765,1193,2,0,900,499,358,25,36,499,358,499,394,524,394,524,358
2766,1194,1,0,141128,684,287,472,299,684,287,684,586,1156,586,1156,287
2767,1194,4,0,1170,631,345,26,45,631,345,631,390,657,390,657,345
2768,1194,2,0,49392,62,398,168,294,62,398,62,692,230,692,230,398
2769,1194,2,0,1575,439,368,35,45,439,368,439,413,474,413,474,368
2770,1194,2,0,1640,629,364,40,41,629,364,629,405,669,405,669,364
2771,1194,4,0,1302,596,342,21,62,596,342,596,404,617,404,617,342
2772,1194,1,0,3510,578,336,54,65,578,336,578,401,632,401,632,336
2773,1194,1,0,1560,554,344,30,52,554,344,554,396,584,396,584,344
2774,1194,2,0,874,521,360,23,38,521,360,521,398,544,398,544,360
2775,1194,2,0,759,499,361,23,33,499,361,499,394,522,394,522,361
2776,1194,2,0,3060,396,370,45,68,396,370,396,438,441,438,441,370
2777,1195,1,0,223960,771,235,509,440,771,235,771,675,1280,675,1280,235
2778,1195,2,0,56784,0,380,169,336,0,380,0,716,169,716,169,380
2779,1195,2,0,3726,389,367,46,81,389,367,389,448,435,448,435,367
2780,1195,2,0,1674,430,365,31,54,430,365,430,419,461,419,461,365
2781,1195,4,0,1960,637,337,28,70,637,337,637,407,665,407,665,337
2782,1195,2,0,2450,626,358,49,50,626,358,626,408,675,408,675,358
2783,1195,4,0,1575,590,339,25,63,590,339,590,402,615,402,615,339
2784,1195,1,0,3752,579,335,56,67,579,335,579,402,635,402,635,335
2785,1195,1,0,1950,551,343,39,50,551,343,551,393,590,393,590,343
2786,1195,2,0,1452,514,357,33,44,514,357,514,401,547,401,547,357
2787,1195,2,0,975,499,355,25,39,499,355,499,394,524,394,524,355
2788,1196,1,0,146120,999,158,281,520,999,158,999,678,1280,678,1280,158
2789,1196,2,0,4000,381,371,50,80,381,371,381,451,431,451,431,371
2790,1196,2,0,2440,417,365,40,61,417,365,417,426,457,426,457,365
2791,1196,4,0,1922,640,341,31,62,640,341,640,403,671,403,671,341
2792,1196,2,0,1880,635,366,47,40,635,366,635,406,682,406,682,366
2793,1196,4,0,2336,582,336,32,73,582,336,582,409,614,409,614,336
2794,1196,1,0,4290,572,338,65,66,572,338,572,404,637,404,637,338
2795,1196,2,0,1312,515,357,32,41,515,357,515,398,547,398,547,357
2796,1196,2,0,836,502,361,22,38,502,361,502,399,524,399,524,361
2797,1197,4,0,2074,643,342,34,61,643,342,643,403,677,403,677,342
2798,1197,2,0,2173,636,367,53,41,636,367,636,408,689,408,689,367
2799,1197,4,0,2175,583,335,29,75,583,335,583,410,612,410,612,335
2800,1197,1,0,3843,582,337,63,61,582,337,582,398,645,398,645,337
2801,1197,2,0,1104,525,357,23,48,525,357,525,405,548,405,548,357
2802,1197,2,0,1075,502,357,25,43,502,357,502,400,527,400,527,357
2803,1197,2,0,2145,417,364,33,65,417,364,417,429,450,429,450,364
2804,1197,2,0,4032,373,367,48,84,373,367,373,451,421,451,421,367
2805,1198,4,0,18527,11,351,97,191,11,351,11,542,108,542,108,351
2806,1198,2,0,15000,0,430,125,120,0,430,0,550,125,550,125,430
2807,1198,1,0,25380,873,270,180,141,873,270,873,411,1053,411,1053,270
2808,1199,4,0,1820,812,343,28,65,812,343,812,408,840,408,840,343
2809,1199,4,0,2108,653,335,31,68,653,335,653,403,684,403,684,335
2810,1199,4,0,1292,628,342,19,68,628,342,628,410,647,410,647,342
2811,1199,4,0,1491,589,337,21,71,589,337,589,408,610,408,610,337
2812,1199,2,0,3640,378,366,40,91,378,366,378,457,418,457,418,366
2813,1199,2,0,2220,410,370,37,60,410,370,410,430,447,430,447,370
2814,1199,2,0,1590,527,357,30,53,527,357,527,410,557,410,557,357
2815,1199,2,0,882,509,357,21,42,509,357,509,399,530,399,530,357
2816,1199,1,0,1855,561,339,35,53,561,339,561,392,596,392,596,339
2817,1199,1,0,4828,580,333,71,68,580,333,580,401,651,401,651,333
2818,1199,2,0,2548,647,359,49,52,647,359,647,411,696,411,696,359
2819,1200,4,0,34798,968,290,137,254,968,290,968,544,1105,544,1105,290
2820,1200,2,0,3740,870,340,55,68,870,340,870,408,925,408,925,340
2821,1200,2,0,44589,972,344,167,267,972,344,972,611,1139,611,1139,344
2822,1201,2,0,4422,948,340,67,66,948,340,948,406,1015,406,1015,340
2823,1201,2,0,5330,726,350,82,65,726,350,726,415,808,415,808,350
2824,1202,4,0,2730,1050,333,39,70,1050,333,1050,403,1089,403,1089,333
2825,1202,2,0,4964,1046,339,73,68,1046,339,1046,407,1119,407,1119,339
2826,1202,2,0,4816,744,356,86,56,744,356,744,412,830,412,830,356
2827,1203,4,0,3053,1160,333,43,71,1160,333,1160,404,1203,404,1203,333
2828,1203,2,0,4636,1154,343,76,61,1154,343,1154,404,1230,404,1230,343
2829,1203,2,0,7107,755,351,103,69,755,351,755,420,858,420,858,351
2830,1204,2,0,5985,768,361,95,63,768,361,768,424,863,424,863,361
2831,1205,2,0,8100,754,362,108,75,754,362,754,437,862,437,862,362
2832,1206,2,0,6600,754,367,100,66,754,367,754,433,854,433,854,367
2833,1207,2,0,9360,737,364,120,78,737,364,737,442,857,442,857,364
2834,1208,2,0,13335,840,386,127,105,840,386,840,491,967,491,967,386
2835,1208,4,0,8690,922,324,55,158,922,324,922,482,977,482,977,324
2836,1209,2,0,10285,726,371,121,85,726,371,726,456,847,456,847,371
2837,1209,1,0,11537,799,351,139,83,799,351,799,434,938,434,938,351
2838,1210,2,0,10160,699,378,127,80,699,378,699,458,826,458,826,378
2839,1210,1,0,19656,724,342,189,104,724,342,724,446,913,446,913,342
2840,1211,2,0,14832,658,369,144,103,658,369,658,472,802,472,802,369
2841,1211,1,0,20298,684,346,199,102,684,346,684,448,883,448,883,346
2842,1212,2,0,13680,630,378,152,90,630,378,630,468,782,468,782,378
2843,1212,1,0,19228,657,352,209,92,657,352,657,444,866,444,866,352
2844,1213,2,0,12450,614,395,150,83,614,395,614,478,764,478,764,395
2845,1213,1,0,21600,637,347,216,100,637,347,637,447,853,447,853,347
2846,1214,2,0,15168,593,390,158,96,593,390,593,486,751,486,751,390
2847,1214,1,0,23214,620,354,219,106,620,354,620,460,839,460,839,354
2848,1215,1,0,22644,607,361,222,102,607,361,607,463,829,463,829,361
2849,1215,2,0,17712,576,379,164,108,576,379,576,487,740,487,740,379
2850,1216,2,0,18870,562,394,170,111,562,394,562,505,732,505,732,394
2851,1216,1,0,27144,591,361,232,117,591,361,591,478,823,478,823,361
2852,1217,2,0,18656,546,396,176,106,546,396,546,502,722,502,722,396
2853,1217,1,0,25872,581,363,231,112,581,363,581,475,812,475,812,363
2854,1218,2,0,18643,532,415,181,103,532,415,532,518,713,518,713,415
2855,1218,1,0,29382,554,366,249,118,554,366,554,484,803,484,803,366
2856,1219,2,0,28710,907,357,165,174,907,357,907,531,1072,531,1072,357
2857,1219,4,0,12255,1027,322,57,215,1027,322,1027,537,1084,537,1084,322
2858,1220,2,0,21616,504,422,193,112,504,422,504,534,697,534,697,422
2859,1220,1,0,29456,534,383,263,112,534,383,534,495,797,495,797,383
2860,1221,2,0,24638,481,432,194,127,481,432,481,559,675,559,675,432
2861,1221,1,0,33274,513,391,262,127,513,391,513,518,775,518,775,391
2862,1222,2,0,27300,429,421,210,130,429,421,429,551,639,551,639,421
2863,1222,1,0,36442,471,381,274,133,471,381,471,514,745,514,745,381
2864,1223,2,0,33086,350,422,233,142,350,422,350,564,583,564,583,422
2865,1223,1,0,40365,396,382,299,135,396,382,396,517,695,517,695,382
2866,1224,2,0,46740,203,412,285,164,203,412,203,576,488,576,488,412
2867,1224,1,0,47619,285,370,333,143,285,370,285,513,618,513,618,370
2868,1225,2,0,77050,7,382,335,230,7,382,7,612,342,612,342,382
2869,1225,1,0,67155,120,356,363,185,120,356,120,541,483,541,483,356
2870,1226,1,0,67728,0,343,332,204,0,343,0,547,332,547,332,343
2871,1227,2,0,2494,1176,330,43,58,1176,330,1176,388,1219,388,1219,330
2872,1228,2,0,1710,824,332,30,57,824,332,824,389,854,389,854,332
2873,1229,2,0,4752,759,340,48,99,759,340,759,439,807,439,807,340
2874,1230,4,0,3922,659,328,37,106,659,328,659,434,696,434,696,328
2875,1230,2,0,7872,633,347,96,82,633,347,633,429,729,429,729,347
2876,1231,2,0,11340,715,355,105,108,715,355,715,463,820,463,820,355
2877,1231,4,0,6027,750,324,41,147,750,324,750,471,791,471,791,324
2878,1232,4,0,8950,885,319,50,179,885,319,885,498,935,498,935,319
2879,1232,2,0,25350,825,350,169,150,825,350,825,500,994,500,994,350
2880,1233,2,0,7260,460,398,110,66,460,398,460,464,570,464,570,398
2881,1234,2,0,11745,377,391,135,87,377,391,377,478,512,478,512,391
2882,1235,1,0,1292,628,343,38,34,628,343,628,377,666,377,666,343
2883,1236,1,0,1872,627,341,48,39,627,341,627,380,675,380,675,341
2884,1237,1,0,2438,624,336,53,46,624,336,624,382,677,382,677,336
2885,1238,1,0,3060,636,336,60,51,636,336,636,387,696,387,696,336
2886,1239,2,0,18530,271,396,170,109,271,396,271,505,441,505,441,396
2887,1239,3,0,16320,29,425,102,160,29,425,29,585,131,585,131,425
2888,1240,1,0,6450,648,340,86,75,648,340,648,415,734,415,734,340
2889,1241,1,0,14175,686,335,135,105,686,335,686,440,821,440,821,335
2890,1242,1,0,91098,756,317,378,241,756,317,756,558,1134,558,1134,317
2891,1243,2,0,28776,140,408,218,132,140,408,140,540,358,540,358,408
2892,1244,2,0,45315,0,442,265,171,0,442,0,613,265,613,265,442
2893,1245,3,0,5229,905,356,63,83,905,356,905,439,968,439,968,356
2894,1246,3,0,12285,1027,364,105,117,1027,364,1027,481,1132,481,1132,364
2895,1247,2,0,4536,799,349,54,84,799,349,799,433,853,433,853,349
2896,1248,2,0,23184,930,366,138,168,930,366,930,534,1068,534,1068,366
2897,1248,4,0,10395,953,306,55,189,953,306,953,495,1008,495,1008,306
2898,1249,1,0,2117,590,353,73,29,590,353,590,382,663,382,663,353
2899,1250,1,0,2923,569,343,79,37,569,343,569,380,648,380,648,343
2900,1251,2,0,21692,1016,344,187,116,1016,344,1016,460,1203,460,1203,344
2901,1252,2,0,14476,182,396,154,94,182,396,182,490,336,490,336,396
2902,1253,1,0,4646,492,342,101,46,492,342,492,388,593,388,593,342
2903,1254,1,0,4796,460,343,109,44,460,343,460,387,569,387,569,343
2904,1255,1,0,8060,419,333,130,62,419,333,419,395,549,395,549,333
2905,1256,1,0,7320,398,356,120,61,398,356,398,417,518,417,518,356
2906,1257,1,0,11935,333,334,155,77,333,334,333,411,488,411,488,334
2907,1258,1,0,18105,257,344,213,85,257,344,257,429,470,429,470,344
2908,1259,1,0,33517,183,358,277,121,183,358,183,479,460,479,460,358
2909,1259,3,0,8505,792,371,81,105,792,371,792,476,873,476,873,371
2910,1260,1,0,58359,12,348,397,147,12,348,12,495,409,495,409,348
2911,1260,4,0,27528,1000,286,111,248,1000,286,1000,534,1111,534,1111,286
2912,1260,3,0,36225,1019,384,175,207,1019,384,1019,591,1194,591,1194,384
2913,1261,1,0,67176,3,353,311,216,3,353,3,569,314,569,314,353
2914,1262,2,0,2014,749,370,38,53,749,370,749,423,787,423,787,370
2915,1262,2,0,23345,67,415,203,115,67,415,67,530,270,530,270,415
2916,1263,3,0,14157,860,364,99,143,860,364,860,507,959,507,959,364
2917,1263,4,0,7810,870,306,55,142,870,306,870,448,925,448,925,306
2918,1264,2,0,6816,758,344,71,96,758,344,758,440,829,440,829,344
2919,1264,2,0,22876,0,431,172,133,0,431,0,564,172,564,172,431
2920,1265,2,0,9744,810,355,87,112,810,355,810,467,897,467,897,355
2921,1266,2,0,3654,708,353,42,87,708,353,708,440,750,440,750,353
2922,1267,2,0,30456,862,349,141,216,862,349,862,565,1003,565,1003,349
2923,1268,2,0,18720,886,356,120,156,886,356,886,512,1006,512,1006,356
2924,1269,2,0,2960,682,356,40,74,682,356,682,430,722,430,722,356
2925,1270,2,0,13230,788,365,98,135,788,365,788,500,886,500,886,365
2926,1270,4,0,5762,803,317,43,134,803,317,803,451,846,451,846,317
2927,1271,2,0,36120,999,358,172,210,999,358,999,568,1171,568,1171,358
2928,1272,2,0,1984,721,362,31,64,721,362,721,426,752,426,752,362
2929,1273,2,0,6720,772,359,64,105,772,359,772,464,836,464,836,359
2930,1274,4,0,4346,833,321,41,106,833,321,833,427,874,427,874,321
2931,1275,4,0,6930,888,344,55,126,888,344,888,470,943,470,943,344
2932,1276,2,0,18512,910,378,104,178,910,378,910,556,1014,556,1014,378
2933,1276,4,0,10878,897,303,49,222,897,303,897,525,946,525,946,303
2934,1277,4,0,27324,1132,318,108,253,1132,318,1132,571,1240,571,1240,318
2935,1278,1,0,1342,533,337,61,22,533,337,533,359,594,359,594,337
2936,1279,1,0,946,545,334,43,22,545,334,545,356,588,356,588,334
2937,1280,4,0,16650,1004,344,90,185,1004,344,1004,529,1094,529,1094,344
2938,1280,1,0,1176,536,330,49,24,536,330,536,354,585,354,585,330
2939,1281,4,0,28768,1156,330,124,232,1156,330,1156,562,1280,562,1280,330
2940,1281,2,0,41300,1104,368,175,236,1104,368,1104,604,1279,604,1279,368
2941,1281,1,0,2048,519,317,64,32,519,317,519,349,583,349,583,317
2942,1282,1,0,1860,513,315,60,31,513,315,513,346,573,346,573,315
2943,1283,1,0,1500,505,328,60,25,505,328,505,353,565,353,565,328
2944,1284,1,0,2046,525,319,62,33,525,319,525,352,587,352,587,319
2945,1285,1,0,2520,532,329,63,40,532,329,532,369,595,369,595,329
2946,1285,2,0,897,634,344,23,39,634,344,634,383,657,383,657,344
2947,1285,2,0,1428,657,351,28,51,657,351,657,402,685,402,685,351
2948,1286,1,0,2911,526,328,71,41,526,328,526,369,597,369,597,328
2949,1286,2,0,1813,668,362,37,49,668,362,668,411,705,411,705,362
2950,1286,2,0,1280,643,361,32,40,643,361,643,401,675,401,675,361
2951,1287,1,0,2183,540,328,59,37,540,328,540,365,599,365,599,328
2952,1287,2,0,3404,702,361,46,74,702,361,702,435,748,435,748,361
2953,1287,2,0,2035,660,355,37,55,660,355,660,410,697,410,697,355
2954,1288,1,0,2360,543,325,59,40,543,325,543,365,602,365,602,325
2955,1288,2,0,1508,692,359,29,52,692,359,692,411,721,411,721,359
2956,1288,2,0,7420,750,351,70,106,750,351,750,457,820,457,820,351
2957,1289,1,0,2378,553,320,58,41,553,320,553,361,611,361,611,320
2958,1289,2,0,23936,861,374,136,176,861,374,861,550,997,550,997,374
2959,1289,2,0,4806,716,354,54,89,716,354,716,443,770,443,770,354
2960,1290,1,0,1995,558,327,57,35,558,327,558,362,615,362,615,327
2961,1290,2,0,9672,774,358,78,124,774,358,774,482,852,482,852,358
2962,1291,4,0,38808,929,312,147,264,929,312,929,576,1076,576,1076,312
2963,1291,2,0,48070,923,396,190,253,923,396,923,649,1113,649,1113,396
2964,1291,1,0,2530,556,322,55,46,556,322,556,368,611,368,611,322
2965,1292,1,0,3186,558,316,59,54,558,316,558,370,617,370,617,316
2966,1293,1,0,2964,561,319,57,52,561,319,561,371,618,371,618,319
2967,1294,1,0,3599,562,319,61,59,562,319,562,378,623,378,623,319
2968,1295,1,0,4623,572,319,69,67,572,319,572,386,641,386,641,319
2969,1296,1,0,5680,577,318,80,71,577,318,577,389,657,389,657,318
2970,1297,1,0,6438,599,314,87,74,599,314,599,388,686,388,686,314
2971,1298,1,0,9483,605,316,109,87,605,316,605,403,714,403,714,316
2972,1299,1,0,11210,634,311,118,95,634,311,634,406,752,406,752,311
2973,1300,1,0,17835,648,313,145,123,648,313,648,436,793,436,793,313
2974,1301,1,0,25704,672,298,189,136,672,298,672,434,861,434,861,298
2975,1302,1,0,49278,700,275,258,191,700,275,700,466,958,466,958,275
2976,1303,1,0,99450,750,276,390,255,750,276,750,531,1140,531,1140,276
2977,1304,1,0,193856,814,237,466,416,814,237,814,653,1280,653,1280,237
2978,1305,1,0,175152,952,124,328,534,952,124,952,658,1280,658,1280,124
2979,1306,2,0,5025,754,364,75,67,754,364,754,431,829,431,829,364
2980,1307,2,0,7992,590,388,111,72,590,388,590,460,701,460,701,388
2981,1307,4,0,3502,633,339,34,103,633,339,633,442,667,442,667,339
2982,1308,2,0,15326,319,385,158,97,319,385,319,482,477,482,477,385
2983,1308,4,0,6840,404,323,57,120,404,323,404,443,461,443,461,323
2984,1308,4,0,3737,372,356,37,101,372,356,372,457,409,457,409,356
2985,1309,2,0,2296,647,355,41,56,647,355,647,411,688,411,688,355
2986,1310,2,0,1813,838,415,49,37,838,415,838,452,887,452,887,415
2987,1311,2,0,2156,822,413,49,44,822,413,822,457,871,457,871,413
2988,1312,2,0,1628,810,427,44,37,810,427,810,464,854,464,854,427
2989,1313,2,0,1782,785,435,54,33,785,435,785,468,839,468,839,435
2990,1314,2,0,2052,744,445,57,36,744,445,744,481,801,481,801,445
2991,1315,2,0,2911,725,445,71,41,725,445,725,486,796,486,796,445
2992,1315,4,0,1485,747,419,27,55,747,419,747,474,774,474,774,419
2993,1315,4,0,1102,770,420,19,58,770,420,770,478,789,478,789,420
2994,1316,4,0,1881,1182,376,33,57,1182,376,1182,433,1215,433,1215,376
2995,1316,4,0,1566,722,420,29,54,722,420,722,474,751,474,751,420
2996,1316,2,0,2584,713,449,68,38,713,449,713,487,781,487,781,449
2997,1316,2,0,1960,1176,403,49,40,1176,403,1176,443,1225,443,1225,403
2998,1317,2,0,2408,1181,405,56,43,1181,405,1181,448,1237,448,1237,405
2999,1317,4,0,1512,1198,380,24,63,1198,380,1198,443,1222,443,1222,380
3000,1317,4,0,1368,734,418,24,57,734,418,734,475,758,475,758,418
3001,1317,4,0,1566,712,419,27,58,712,419,712,477,739,477,739,419
3002,1317,2,0,3220,694,441,70,46,694,441,694,487,764,487,764,441
3003,1318,4,0,1430,677,418,26,55,677,418,677,473,703,473,703,418
3004,1318,4,0,1590,1186,374,30,53,1186,374,1186,427,1216,427,1216,374
3005,1318,4,0,1140,700,410,19,60,700,410,700,470,719,470,719,410
3006,1318,2,0,3000,651,439,75,40,651,439,651,479,726,479,726,439
3007,1318,2,0,2604,1166,398,62,42,1166,398,1166,440,1228,440,1228,398
3008,1319,2,0,2920,673,359,40,73,673,359,673,432,713,432,713,359
3009,1320,4,0,1984,1162,356,31,64,1162,356,1162,420,1193,420,1193,356
3010,1320,2,0,3036,1139,382,66,46,1139,382,1139,428,1205,428,1205,382
3011,1320,4,0,1449,651,401,21,69,651,401,651,470,672,470,672,401
3012,1320,4,0,2418,616,402,39,62,616,402,616,464,655,464,655,402
3013,1320,2,0,3626,603,423,74,49,603,423,603,472,677,472,677,423
3014,1321,4,0,1960,1115,367,28,70,1115,367,1115,437,1143,437,1143,367
3015,1321,2,0,3318,1087,399,79,42,1087,399,1087,441,1166,441,1166,399
3016,1321,4,0,1736,578,407,28,62,578,407,578,469,606,469,606,407
3017,1321,4,0,1740,555,410,30,58,555,410,555,468,585,468,585,410
3018,1321,2,0,3400,540,430,68,50,540,430,540,480,608,480,608,430
3019,1322,2,0,2277,434,355,33,69,434,355,434,424,467,424,467,355
3020,1322,1,0,41580,145,311,231,180,145,311,145,491,376,491,376,311
3021,1323,2,0,2628,423,359,36,73,423,359,423,432,459,432,459,359
3022,1323,1,0,67725,57,306,301,225,57,306,57,531,358,531,358,306
3023,1324,1,0,80028,5,309,324,247,5,309,5,556,329,556,329,309
3024,1325,2,0,1829,421,379,31,59,421,379,421,438,452,438,452,379
3025,1325,1,0,110019,0,267,273,403,0,267,0,670,273,670,273,267
3026,1326,2,0,2376,429,367,36,66,429,367,429,433,465,433,465,367
3027,1326,1,0,76328,0,266,188,406,0,266,0,672,188,672,188,266
3028,1327,2,0,2484,442,362,36,69,442,362,442,431,478,431,478,362
3029,1327,1,0,9727,948,322,137,71,948,322,948,393,1085,393,1085,322
3030,1328,2,0,1856,464,363,29,64,464,363,464,427,493,427,493,363
3031,1328,1,0,11172,1018,327,147,76,1018,327,1018,403,1165,403,1165,327
3032,1329,2,0,1456,489,366,26,56,489,366,489,422,515,422,515,366
3033,1329,1,0,13680,1098,328,180,76,1098,328,1098,404,1278,404,1278,328
3034,1330,2,0,1593,506,363,27,59,506,363,506,422,533,422,533,363
3035,1331,2,0,11659,792,366,89,131,792,366,792,497,881,497,881,366
3036,1331,4,0,6732,801,336,51,132,801,336,801,468,852,468,852,336
3037,1332,4,0,35478,959,316,146,243,959,316,959,559,1105,559,1105,316
3038,1332,2,0,64800,960,376,240,270,960,376,960,646,1200,646,1200,376
3039,1332,2,0,1782,510,368,33,54,510,368,510,422,543,422,543,368
3040,1333,2,0,4004,750,349,44,91,750,349,750,440,794,440,794,349
3041,1333,2,0,15130,429,361,89,170,429,361,429,531,518,531,518,361
3042,1334,2,0,18656,390,325,88,212,390,325,390,537,478,537,478,325
3043,1334,2,0,10625,785,361,85,125,785,361,785,486,870,486,870,361
3044,1335,1,0,13344,424,375,139,96,424,375,424,471,563,471,563,375
3045,1335,4,0,3640,360,367,40,91,360,367,360,458,400,458,400,367
3046,1335,4,0,5418,835,352,42,129,835,352,835,481,877,481,877,352
3047,1336,4,0,24768,985,323,96,258,985,323,985,581,1081,581,1081,323
3048,1336,1,0,20570,369,372,170,121,369,372,369,493,539,493,539,372
3049,1336,4,0,5310,306,365,45,118,306,365,306,483,351,483,351,365
3050,1337,2,0,5280,845,396,60,88,845,396,845,484,905,484,905,396
3051,1338,1,0,37698,0,325,183,206,0,325,0,531,183,531,183,325
3052,1338,2,0,24186,947,400,139,174,947,400,947,574,1086,574,1086,400
3053,1338,4,0,9860,970,344,58,170,970,344,970,514,1028,514,1028,344
3054,1339,4,0,62400,1084,277,160,390,1084,277,1084,667,1244,667,1244,277
3055,1340,4,0,26216,900,291,113,232,900,291,900,523,1013,523,1013,291
3056,1341,4,0,13774,770,317,71,194,770,317,770,511,841,511,841,317
3057,1342,1,0,21300,0,379,213,100,0,379,0,479,213,479,213,379
3058,1343,1,0,12369,0,370,133,93,0,370,0,463,133,463,133,370
3059,1344,4,0,8083,698,334,59,137,698,334,698,471,757,471,757,334
3060,1345,4,0,24360,985,331,105,232,985,331,985,563,1090,563,1090,331
3061,1346,2,0,3901,613,377,47,83,613,377,613,460,660,460,660,377
3062,1347,1,0,41002,1002,329,247,166,1002,329,1002,495,1249,495,1249,329
3063,1348,1,0,27176,1124,320,158,172,1124,320,1124,492,1282,492,1282,320
3064,1349,2,0,26274,995,377,174,151,995,377,995,528,1169,528,1169,377
3065,1350,4,0,9990,920,342,54,185,920,342,920,527,974,527,974,342
3066,1351,2,0,42250,806,359,169,250,806,359,806,609,975,609,975,359
3067,1351,2,0,2470,577,366,38,65,577,366,577,431,615,431,615,366
3068,1352,2,0,11832,860,396,136,87,860,396,860,483,996,483,996,396
3069,1353,2,0,19320,948,393,161,120,948,393,948,513,1109,513,1109,393
3070,1354,2,0,29140,1092,385,188,155,1092,385,1092,540,1280,540,1280,385
3071,1355,2,0,1125,570,371,25,45,570,371,570,416,595,416,595,371
3072,1355,2,0,18032,683,364,112,161,683,364,683,525,795,525,795,364
3073,1355,4,0,9685,714,313,65,149,714,313,714,462,779,462,779,313
3074,1356,4,0,43264,347,275,128,338,347,275,347,613,475,613,475,275
3075,1356,4,0,38962,243,297,121,322,243,297,243,619,364,619,364,297
3076,1357,2,0,19908,87,401,158,126,87,401,87,527,245,527,245,401
3077,1358,2,0,2304,811,392,32,72,811,392,811,464,843,464,843,392
3078,1359,2,0,12445,892,393,95,131,892,393,892,524,987,524,987,393
3079,1360,2,0,6600,609,349,55,120,609,349,609,469,664,469,664,349
3080,1360,2,0,1176,552,369,28,42,552,369,552,411,580,411,580,369
3081,1361,1,0,5310,321,387,90,59,321,387,321,446,411,446,411,387
3082,1362,1,0,7100,280,387,100,71,280,387,280,458,380,458,380,387
3083,1363,1,0,9600,219,387,120,80,219,387,219,467,339,467,339,387
3084,1364,1,0,14596,132,393,164,89,132,393,132,482,296,482,296,393
3085,1365,2,0,3735,584,363,45,83,584,363,584,446,629,446,629,363
3086,1366,1,0,28322,1,386,238,119,1,386,1,505,239,505,239,386
3087,1367,2,0,10486,46,425,98,107,46,425,46,532,144,532,144,425
3088,1368,2,0,3696,562,357,48,77,562,357,562,434,610,434,610,357
3089,1369,2,0,2812,558,359,37,76,558,359,558,435,595,435,595,359
3090,1370,2,0,5459,754,395,53,103,754,395,754,498,807,498,807,395
3091,1371,4,0,46905,1095,296,159,295,1095,296,1095,591,1254,591,1254,296
3092,1372,1,0,1845,678,371,45,41,678,371,678,412,723,412,723,371
3093,1373,2,0,19140,819,386,116,165,819,386,819,551,935,551,935,386
3094,1373,4,0,10123,830,339,53,191,830,339,830,530,883,530,883,339
3095,1373,4,0,13192,431,347,68,194,431,347,431,541,499,541,499,347
3096,1373,3,0,18343,424,376,83,221,424,376,424,597,507,597,507,376
3097,1374,4,0,20448,400,343,96,213,400,343,400,556,496,556,496,343
3098,1374,2,0,62176,930,396,232,268,930,396,930,664,1162,664,1162,396
3099,1374,3,0,20904,393,406,104,201,393,406,393,607,497,607,497,406
3100,1374,4,0,26535,968,301,87,305,968,301,968,606,1055,606,1055,301
3101,1375,2,0,27876,870,410,138,202,870,410,870,612,1008,612,1008,410
3102,1375,4,0,23681,866,341,119,199,866,341,866,540,985,540,985,341
3103,1376,1,0,2832,590,364,59,48,590,364,590,412,649,412,649,364
3104,1377,1,0,3720,605,358,62,60,605,358,605,418,667,418,667,358
3105,1378,1,0,4088,620,366,73,56,620,366,620,422,693,422,693,366
3106,1379,1,0,9156,628,360,109,84,628,360,628,444,737,444,737,360
3107,1380,1,0,24500,658,354,175,140,658,354,658,494,833,494,833,354
3108,1381,1,0,104931,716,342,393,267,716,342,716,609,1109,609,1109,342
3109,1382,2,0,4182,365,383,51,82,365,383,365,465,416,465,416,383
3110,1382,2,0,1749,457,376,33,53,457,376,457,429,490,429,490,376
3111,1383,2,0,646,600,384,19,34,600,384,600,418,619,418,619,384
3112,1384,2,0,1020,586,382,30,34,586,382,586,416,616,416,616,382
3113,1385,1,0,6042,682,375,114,53,682,375,682,428,796,428,796,375
3114,1386,3,0,7788,506,343,66,118,506,343,506,461,572,461,572,343
3115,1387,2,0,7844,767,387,74,106,767,387,767,493,841,493,841,387
3116,1388,4,0,1736,506,367,31,56,506,367,506,423,537,423,537,367
3117,1389,4,0,1770,492,367,30,59,492,367,492,426,522,426,522,367
3118,1390,4,0,2686,473,361,34,79,473,361,473,440,507,440,507,361
3119,1390,4,0,1342,448,378,22,61,448,378,448,439,470,439,470,378
3120,1390,4,0,1771,177,377,23,77,177,377,177,454,200,454,200,377
3121,1391,4,0,2485,444,375,35,71,444,375,444,446,479,446,479,375
3122,1392,4,0,3120,410,367,39,80,410,367,410,447,449,447,449,367
3123,1393,4,0,4365,353,382,45,97,353,382,353,479,398,479,398,382
3124,1394,4,0,5635,263,384,49,115,263,384,263,499,312,499,312,384
3125,1394,2,0,10829,979,365,119,91,979,365,979,456,1098,456,1098,365
3126,1394,4,0,8120,306,362,58,140,306,362,306,502,364,502,364,362
3127,1395,2,0,10593,1062,346,99,107,1062,346,1062,453,1161,453,1161,346
3128,1395,4,0,11356,241,365,68,167,241,365,241,532,309,532,309,365
3129,1395,4,0,6321,193,405,49,129,193,405,193,534,242,534,242,405
3130,1396,4,0,19928,147,363,94,212,147,363,147,575,241,575,241,363
3131,1396,4,0,11410,86,415,70,163,86,415,86,578,156,578,156,415
3132,1396,1,0,9052,384,318,146,62,384,318,384,380,530,380,530,318
3133,1396,2,0,16416,1136,355,144,114,1136,355,1136,469,1280,469,1280,355
3134,1397,4,0,32860,6,358,106,310,6,358,6,668,112,668,112,358
3135,1397,1,0,9856,450,315,154,64,450,315,450,379,604,379,604,315
3136,1398,1,0,11315,527,310,155,73,527,310,527,383,682,383,682,310
3137,1399,1,0,12150,612,299,162,75,612,299,612,374,774,374,774,299
3138,1400,1,0,13588,707,295,172,79,707,295,707,374,879,374,879,295
3139,1401,1,0,17190,807,284,191,90,807,284,807,374,998,374,998,284
3140,1402,1,0,16512,945,288,192,86,945,288,945,374,1137,374,1137,288
3141,1403,1,0,19950,1069,287,210,95,1069,287,1069,382,1279,382,1279,287
3142,1404,1,0,2068,610,360,44,47,610,360,610,407,654,407,654,360
3143,1405,1,0,3127,606,358,59,53,606,358,606,411,665,411,665,358
3144,1406,1,0,2793,610,364,57,49,610,364,610,413,667,413,667,364
3145,1407,1,0,4440,611,362,74,60,611,362,611,422,685,422,685,362
3146,1408,1,0,5810,627,357,83,70,627,357,627,427,710,427,710,357
3147,1409,1,0,8800,654,356,100,88,654,356,654,444,754,444,754,356
3148,1410,1,0,15792,667,349,141,112,667,349,667,461,808,461,808,349
3149,1411,1,0,33089,704,336,203,163,704,336,704,499,907,499,907,336
3150,1412,1,0,125244,742,306,441,284,742,306,742,590,1183,590,1183,306
3151,1413,1,0,184576,867,231,412,448,867,231,867,679,1279,679,1279,231
3152,1414,2,0,8760,730,396,73,120,730,396,730,516,803,516,803,396
3153,1414,4,0,4469,734,354,41,109,734,354,734,463,775,463,775,354
3154,1415,4,0,45100,945,327,164,275,945,327,945,602,1109,602,1109,327
3155,1415,2,0,62975,933,416,229,275,933,416,933,691,1162,691,1162,416
3156,1416,2,0,5814,718,390,57,102,718,390,718,492,775,492,775,390
3157,1416,4,0,4664,724,360,44,106,724,360,724,466,768,466,768,360
3158,1417,2,0,30740,870,372,145,212,870,372,870,584,1015,584,1015,372
3159,1418,4,0,95076,1052,258,228,417,1052,258,1052,675,1280,675,1280,258
3160,1418,2,0,77964,1013,421,267,292,1013,421,1013,713,1280,713,1280,421
3161,1419,2,0,48024,865,415,207,232,865,415,865,647,1072,647,1072,415
3162,1419,4,0,48600,862,302,180,270,862,302,862,572,1042,572,1042,302
3163,1420,2,0,30956,773,371,142,218,773,371,773,589,915,589,915,371
3164,1421,2,0,15743,718,359,91,173,718,359,718,532,809,532,809,359
3165,1422,2,0,8080,681,407,80,101,681,407,681,508,761,508,761,407
3166,1423,2,0,5778,667,383,54,107,667,383,667,490,721,490,721,383
3167,1424,2,0,5408,631,381,52,104,631,381,631,485,683,485,683,381
3168,1425,2,0,4465,624,354,47,95,624,354,624,449,671,449,671,354
3169,1426,2,0,7350,306,370,75,98,306,370,306,468,381,468,381,370
3170,1426,1,0,1840,651,351,46,40,651,351,651,391,697,391,697,351
3171,1427,2,0,11172,227,377,98,114,227,377,227,491,325,491,325,377
3172,1427,1,0,2632,644,345,56,47,644,345,644,392,700,392,700,345
3173,1428,1,0,2430,647,352,54,45,647,352,647,397,701,397,701,352
3174,1428,2,0,23961,108,386,147,163,108,386,108,549,255,549,255,386
3175,1428,4,0,13510,155,337,70,193,155,337,155,530,225,530,225,337
3176,1429,1,0,3528,643,365,63,56,643,365,643,421,706,421,706,365
3177,1430,1,0,4104,641,360,72,57,641,360,641,417,713,417,713,360
3178,1431,1,0,5265,644,352,81,65,644,352,644,417,725,417,725,352
3179,1432,1,0,7644,653,349,91,84,653,349,653,433,744,433,744,349
3180,1433,1,0,11100,668,353,111,100,668,353,668,453,779,453,779,353
3181,1434,1,0,21156,693,360,172,123,693,360,693,483,865,483,865,360
3182,1435,1,0,50572,743,358,269,188,743,358,743,546,1012,546,1012,358
3183,1436,1,0,167440,825,352,455,368,825,352,825,720,1280,720,1280,352
3184,1437,4,0,55391,1078,269,193,287,1078,269,1078,556,1271,556,1271,269
3185,1437,2,0,74970,1035,388,245,306,1035,388,1035,694,1280,694,1280,388
3186,1438,4,0,45090,872,319,167,270,872,319,872,589,1039,589,1039,319
3187,1438,2,0,37436,875,436,191,196,875,436,875,632,1066,632,1066,436
3188,1439,2,0,26598,763,396,143,186,763,396,763,582,906,582,906,396
3189,1439,4,0,14094,788,329,81,174,788,329,788,503,869,503,869,329
3190,1440,4,0,10792,713,342,71,152,713,342,713,494,784,494,784,342
3191,1440,2,0,13172,709,392,89,148,709,392,709,540,798,540,798,392
3192,1441,2,0,7020,671,399,65,108,671,399,671,507,736,507,736,399
3193,1441,4,0,5320,674,355,56,95,674,355,674,450,730,450,730,355
3194,1442,2,0,5612,649,411,61,92,649,411,649,503,710,503,710,411
3195,1442,4,0,3071,654,367,37,83,654,367,654,450,691,450,691,367
3196,1442,2,0,2501,757,397,41,61,757,397,757,458,798,458,798,397
3197,1443,2,0,7227,850,400,73,99,850,400,850,499,923,499,923,400
3198,1443,2,0,5642,631,403,62,91,631,403,631,494,693,494,693,403
3199,1443,4,0,3612,642,368,43,84,642,368,642,452,685,452,685,368
3200,1443,4,0,3960,854,363,44,90,854,363,854,453,898,453,898,363
3201,1444,2,0,3570,638,391,42,85,638,391,638,476,680,476,680,391
3202,1445,2,0,3250,632,394,50,65,632,394,632,459,682,459,682,394
3203,1446,2,0,2210,641,387,34,65,641,387,641,452,675,452,675,387
3204,1447,2,0,6264,895,391,72,87,895,391,895,478,967,478,967,391
3205,1447,4,0,4920,974,350,40,123,974,350,974,473,1014,473,1014,350
3206,1448,2,0,10609,965,404,103,103,965,404,965,507,1068,507,1068,404
3207,1448,4,0,7728,1077,339,48,161,1077,339,1077,500,1125,500,1125,339
3208,1448,4,0,3978,991,358,39,102,991,358,991,460,1030,460,1030,358
3209,1449,4,0,13797,1130,335,73,189,1130,335,1130,524,1203,524,1203,335
3210,1449,2,0,26560,1096,393,166,160,1096,393,1096,553,1262,553,1262,393
3211,1450,2,0,3216,651,391,48,67,651,391,651,458,699,458,699,391
3212,1451,2,0,9559,905,397,79,121,905,397,905,518,984,518,984,397
3213,1452,2,0,9350,855,388,85,110,855,388,855,498,940,498,940,388
3214,1452,1,0,5022,1002,360,93,54,1002,360,1002,414,1095,414,1095,360
3215,1452,4,0,3993,877,353,33,121,877,353,877,474,910,474,910,353
3216,1453,1,0,9452,1033,360,139,68,1033,360,1033,428,1172,428,1172,360
3217,1453,4,0,29109,1186,311,93,313,1186,311,1186,624,1279,624,1279,311
3218,1453,2,0,27531,1147,439,133,207,1147,439,1147,646,1280,646,1280,439
3219,1454,1,0,10366,1112,358,142,73,1112,358,1112,431,1254,431,1254,358
3220,1455,1,0,11385,1165,355,115,99,1165,355,1165,454,1280,454,1280,355
3221,1456,2,0,16576,830,405,112,148,830,405,830,553,942,553,942,405
3222,1456,4,0,9176,835,357,62,148,835,357,835,505,897,505,897,357
3223,1457,1,0,38318,39,367,322,119,39,367,39,486,361,486,361,367
3224,1458,1,0,44202,0,364,318,139,0,364,0,503,318,503,318,364
3225,1459,1,0,40779,9,351,197,207,9,351,9,558,206,558,206,351
3226,1460,2,0,2318,714,392,38,61,714,392,714,453,752,453,752,392
3227,1461,2,0,9648,796,371,72,134,796,371,796,505,868,505,868,371
3228,1462,2,0,42282,967,361,174,243,967,361,967,604,1141,604,1141,361
3229,1463,2,0,11049,910,389,87,127,910,389,910,516,997,516,997,389
3230,1463,4,0,6588,916,348,54,122,916,348,916,470,970,470,970,348
3231,1463,2,0,4785,725,380,55,87,725,380,725,467,780,467,780,380
3232,1463,4,0,3116,732,351,38,82,732,351,732,433,770,433,770,351
3233,1464,2,0,33231,1075,393,159,209,1075,393,1075,602,1234,602,1234,393
3234,1464,4,0,13778,1080,338,83,166,1080,338,1080,504,1163,504,1163,338
3235,1464,2,0,10240,790,389,80,128,790,389,790,517,870,517,870,389
3236,1464,4,0,4836,805,352,39,124,805,352,805,476,844,476,844,352
3237,1465,4,0,32032,1077,314,104,308,1077,314,1077,622,1181,622,1181,314
3238,1465,2,0,73876,1027,396,253,292,1027,396,1027,688,1280,688,1280,396
3239,1466,2,0,2556,685,391,36,71,685,391,685,462,721,462,721,391
3240,1467,3,0,16328,981,412,104,157,981,412,981,569,1085,569,1085,412
3241,1467,4,0,12411,994,344,63,197,994,344,994,541,1057,541,1057,344
3242,1468,1,0,7371,678,377,91,81,678,377,678,458,769,458,769,377
3243,1469,1,0,14124,709,366,132,107,709,366,709,473,841,473,841,366
3244,1470,1,0,43542,761,345,246,177,761,345,761,522,1007,522,1007,345
3245,1470,1,0,36249,26,394,281,129,26,394,26,523,307,523,307,394
3246,1471,1,0,175112,866,291,413,424,866,291,866,715,1279,715,1279,291
3247,1471,1,0,41356,0,381,211,196,0,381,0,577,211,577,211,381
3248,1472,2,0,11176,872,384,88,127,872,384,872,511,960,511,960,384
3249,1473,4,0,13230,229,340,63,210,229,340,229,550,292,550,292,340
3250,1473,4,0,5080,291,419,40,127,291,419,291,546,331,546,331,419
3251,1473,4,0,12210,130,363,66,185,130,363,130,548,196,548,196,363
3252,1474,4,0,10659,139,431,57,187,139,431,139,618,196,618,196,431
3253,1474,4,0,31525,28,314,97,325,28,314,28,639,125,639,125,314
3254,1475,2,0,24704,965,392,128,193,965,392,965,585,1093,585,1093,392
3255,1475,4,0,10846,983,344,58,187,983,344,983,531,1041,531,1041,344
3256,1476,3,0,23095,425,373,155,149,425,373,425,522,580,522,580,373
3257,1477,3,0,38606,333,369,194,199,333,369,333,568,527,568,527,369
3258,1478,3,0,101725,119,371,325,313,119,371,119,684,444,684,444,371
3259,1479,2,0,3780,707,399,45,84,707,399,707,483,752,483,752,399
3260,1480,1,0,20300,351,350,145,140,351,350,351,490,496,490,496,350
3261,1481,1,0,40725,251,343,225,181,251,343,251,524,476,524,476,343
3262,1482,1,0,94688,87,312,352,269,87,312,87,581,439,581,439,312
3263,1483,1,0,157556,4,235,331,476,4,235,4,711,335,711,335,235
3264,1484,1,0,25564,1095,324,166,154,1095,324,1095,478,1261,478,1261,324
3265,1485,2,0,8584,823,396,74,116,823,396,823,512,897,512,897,396
3266,1485,4,0,4680,829,361,36,130,829,361,829,491,865,491,865,361
3267,1486,2,0,37944,1020,407,186,204,1020,407,1020,611,1206,611,1206,407
3268,1486,4,0,25984,1028,335,112,232,1028,335,1028,567,1140,567,1140,335
3269,1487,2,0,8030,729,389,73,110,729,389,729,499,802,499,802,389
3270,1488,4,0,80433,970,317,243,331,970,317,970,648,1213,648,1213,317
3271,1488,2,0,83486,942,436,338,247,942,436,942,683,1280,683,1280,436
3272,1489,4,0,11792,937,341,67,176,937,341,937,517,1004,517,1004,341
3273,1490,4,0,18696,1062,325,82,228,1062,325,1062,553,1144,553,1144,325
3274,1491,2,0,3680,857,405,46,80,857,405,857,485,903,485,903,405
3275,1492,4,0,10872,946,360,72,151,946,360,946,511,1018,511,1018,360
3276,1492,2,0,13066,949,402,94,139,949,402,949,541,1043,541,1043,402
3277,1493,2,0,3311,805,400,43,77,805,400,805,477,848,477,848,400
3278,1494,2,0,14700,909,397,100,147,909,397,909,544,1009,544,1009,397
3279,1495,1,0,55185,60,362,283,195,60,362,60,557,343,557,343,362
3280,1496,1,0,67024,0,329,236,284,0,329,0,613,236,613,236,329
3281,1497,2,0,8470,739,406,77,110,739,406,739,516,816,516,816,406
3282,1497,4,0,4756,746,362,41,116,746,362,746,478,787,478,787,362
3283,1498,3,0,6042,864,395,57,106,864,395,864,501,921,501,921,395
3284,1499,3,0,19320,972,403,120,161,972,403,972,564,1092,564,1092,403
3285,1499,4,0,12408,973,333,66,188,973,333,973,521,1039,521,1039,333
3286,1500,3,0,3588,837,405,52,69,837,405,837,474,889,474,889,405
3287,1501,3,0,5330,870,410,65,82,870,410,870,492,935,492,935,410
3288,1502,3,0,11340,924,416,105,108,924,416,924,524,1029,524,1029,416
3289,1503,3,0,26720,1033,421,160,167,1033,421,1033,588,1193,588,1193,421
3290,1504,4,0,2790,477,381,31,90,477,381,477,471,508,471,508,381
3291,1504,2,0,2418,508,409,39,62,508,409,508,471,547,471,547,409
3292,1505,4,0,6656,394,378,52,128,394,378,394,506,446,506,446,378
3293,1505,2,0,5510,446,409,58,95,446,409,446,504,504,504,504,409
3294,1505,4,0,5704,457,375,46,124,457,375,457,499,503,499,503,375
3295,1506,2,0,10710,377,412,90,119,377,412,377,531,467,531,467,412
3296,1506,4,0,9240,333,367,56,165,333,367,333,532,389,532,389,367
3297,1506,4,0,10458,397,363,63,166,397,363,397,529,460,529,460,363
3298,1507,4,0,18564,208,358,84,221,208,358,208,579,292,579,292,358
3299,1507,4,0,16985,313,370,79,215,313,370,313,585,392,585,392,370
3300,1507,2,0,22532,278,434,131,172,278,434,278,606,409,606,409,434
3301,1508,4,0,53784,131,360,162,332,131,360,131,692,293,692,293,360
3302,1508,4,0,40992,1,330,122,336,1,330,1,666,123,666,123,330
3303,1508,2,0,60060,82,441,220,273,82,441,82,714,302,714,302,441
3304,1509,2,0,16576,802,415,112,148,802,415,802,563,914,563,914,415
3305,1509,4,0,9512,808,358,58,164,808,358,808,522,866,522,866,358
3306,1510,4,0,31980,931,348,130,246,931,348,931,594,1061,594,1061,348
3307,1510,2,0,44051,926,442,203,217,926,442,926,659,1129,659,1129,442
3308,1511,3,0,7140,469,380,60,119,469,380,469,499,529,499,529,380
3309,1512,3,0,8236,452,381,58,142,452,381,452,523,510,523,510,381
3310,1513,3,0,9882,420,388,61,162,420,388,420,550,481,550,481,388
3311,1514,3,0,13728,371,396,78,176,371,396,371,572,449,572,449,396
3312,1515,3,0,19740,319,397,94,210,319,397,319,607,413,607,413,397
3313,1516,3,0,28815,264,371,113,255,264,371,264,626,377,626,377,371
3314,1517,3,0,44280,192,368,135,328,192,368,192,696,327,696,327,368
3315,1518,3,0,57084,66,449,213,268,66,449,66,717,279,717,279,449
3316,1519,3,0,1890,656,389,30,63,656,389,656,452,686,452,686,389
3317,1520,2,0,12584,102,396,104,121,102,396,102,517,206,517,206,396
3318,1521,3,0,2769,653,393,39,71,653,393,653,464,692,464,692,393
3319,1522,3,0,2412,668,399,36,67,668,399,668,466,704,466,704,399
3320,1523,3,0,2607,681,396,33,79,681,396,681,475,714,475,714,396
3321,1524,3,0,2294,697,398,31,74,697,398,697,472,728,472,728,398
3322,1525,3,0,2975,709,393,35,85,709,393,709,478,744,478,744,393
3323,1526,3,0,5400,724,396,50,108,724,396,724,504,774,504,774,396
3324,1527,3,0,4242,743,395,42,101,743,395,743,496,785,496,785,395
3325,1528,3,0,4816,758,388,43,112,758,388,758,500,801,500,801,388
3326,1529,3,0,6888,776,407,56,123,776,407,776,530,832,530,832,407
3327,1530,3,0,11088,786,408,84,132,786,408,786,540,870,540,870,408
3328,1531,4,0,4802,823,371,49,98,823,371,823,469,872,469,872,371
3329,1531,3,0,12103,814,423,91,133,814,423,814,556,905,556,905,423
3330,1532,3,0,16100,844,427,100,161,844,427,844,588,944,588,944,427
3331,1532,4,0,8924,864,366,46,194,864,366,864,560,910,560,910,366
3332,1533,4,0,19006,895,372,86,221,895,372,895,593,981,593,981,372
3333,1533,3,0,23124,900,437,123,188,900,437,900,625,1023,625,1023,437
3334,1534,4,0,35904,947,388,136,264,947,388,947,652,1083,652,1083,388
3335,1534,3,0,39930,966,440,165,242,966,440,966,682,1131,682,1131,440
3336,1535,2,0,10234,534,392,119,86,534,392,534,478,653,478,653,392
3337,1535,4,0,4551,578,354,41,111,578,354,578,465,619,465,619,354
3338,1535,3,0,10830,915,391,95,114,915,391,915,505,1010,505,1010,391
3339,1536,2,0,14076,404,400,138,102,404,400,404,502,542,502,542,400
3340,1536,4,0,6612,454,363,57,116,454,363,454,479,511,479,511,363
3341,1536,3,0,15812,957,399,118,134,957,399,957,533,1075,533,1075,399
3342,1537,3,0,30800,1016,404,200,154,1016,404,1016,558,1216,558,1216,404
3343,1537,2,0,16968,216,422,168,101,216,422,216,523,384,523,384,422
3344,1537,4,0,7809,280,366,57,137,280,366,280,503,337,503,337,366
3345,1538,3,0,29829,1117,416,163,183,1117,416,1117,599,1280,599,1280,416
3346,1538,2,0,19558,0,440,154,127,0,440,0,567,154,567,154,440
3347,1538,4,0,15456,0,360,92,168,0,360,0,528,92,528,92,360
3348,1539,4,0,52976,1025,383,176,301,1025,383,1025,684,1201,684,1201,383
3349,1540,2,0,16932,794,374,102,166,794,374,794,540,896,540,896,374
3350,1540,4,0,7701,807,343,51,151,807,343,807,494,858,494,858,343
3351,1541,2,0,55419,887,387,203,273,887,387,887,660,1090,660,1090,387
3352,1541,4,0,38400,890,340,160,240,890,340,890,580,1050,580,1050,340
3353,1542,2,0,21625,833,383,125,173,833,383,833,556,958,556,958,383
3354,1543,2,0,3870,744,359,43,90,744,359,744,449,787,449,787,359
3355,1544,4,0,4136,770,356,44,94,770,356,770,450,814,450,814,356
3356,1544,2,0,6195,775,388,59,105,775,388,775,493,834,493,834,388
3357,1545,2,0,24875,844,376,125,199,844,376,844,575,969,575,969,376
3358,1546,2,0,9856,370,405,77,128,370,405,370,533,447,533,447,405
3359,1547,4,0,21632,304,339,104,208,304,339,304,547,408,547,408,339
3360,1547,2,0,20570,286,410,121,170,286,410,286,580,407,580,407,410
3361,1548,4,0,46800,171,345,156,300,171,345,171,645,327,645,327,345
3362,1548,2,0,49392,140,445,196,252,140,445,140,697,336,697,336,445
3363,1549,2,0,49060,30,428,220,223,30,428,30,651,250,651,250,428
3364,1549,2,0,8777,274,454,67,131,274,454,274,585,341,585,341,454
3365,1549,4,0,12432,293,381,74,168,293,381,293,549,367,549,367,381
3366,1549,4,0,12800,378,361,80,160,378,361,378,521,458,521,458,361
3367,1550,4,0,36895,39,395,157,235,39,395,39,630,196,630,196,395
3368,1550,4,0,19412,267,359,92,211,267,359,267,570,359,570,359,359
3369,1550,2,0,39204,29,472,162,242,29,472,29,714,191,714,191,472
3370,1551,4,0,71868,34,356,212,339,34,356,34,695,246,695,246,356
3371,1552,2,0,16224,894,385,96,169,894,385,894,554,990,554,990,385
3372,1553,2,0,52992,1011,395,207,256,1011,395,1011,651,1218,651,1218,395
3373,1554,2,0,19773,336,385,117,169,336,385,336,554,453,554,453,385
3374,1555,2,0,41760,174,400,160,261,174,400,174,661,334,661,334,400
3375,1556,4,0,22220,828,316,101,220,828,316,828,536,929,536,929,316
3376,1556,3,0,24024,829,403,132,182,829,403,829,585,961,585,961,403
3377,1557,4,0,55014,1073,273,173,318,1073,273,1073,591,1246,591,1246,273
3378,1558,2,0,20114,848,393,113,178,848,393,848,571,961,571,961,393
3379,1559,2,0,11288,768,380,83,136,768,380,768,516,851,516,851,380
3380,1559,4,0,5029,783,345,47,107,783,345,783,452,830,452,830,345
3381,1560,4,0,6771,790,354,61,111,790,354,790,465,851,465,851,354
3382,1560,2,0,13272,769,384,84,158,769,384,769,542,853,542,853,384
3383,1561,2,0,13260,786,388,85,156,786,388,786,544,871,544,871,388
3384,1561,4,0,13299,793,355,93,143,793,355,793,498,886,498,886,355
3385,1562,4,0,14981,794,348,71,211,794,348,794,559,865,559,865,348
3386,1562,2,0,18270,792,391,105,174,792,391,792,565,897,565,897,391
3387,1563,4,0,22896,796,357,106,216,796,357,796,573,902,573,902,357
3388,1563,2,0,23283,802,390,117,199,802,390,802,589,919,589,919,390
3389,1564,4,0,14720,845,346,92,160,845,346,845,506,937,506,937,346
3390,1564,2,0,26786,827,389,118,227,827,389,827,616,945,616,945,389
3391,1565,2,0,30030,839,427,154,195,839,427,839,622,993,622,993,427
3392,1565,4,0,25984,851,330,116,224,851,330,851,554,967,554,967,330
3393,1566,4,0,21736,903,331,104,209,903,331,903,540,1007,540,1007,331
3394,1566,2,0,43840,882,389,160,274,882,389,882,663,1042,663,1042,389
3395,1567,4,0,44608,904,337,136,328,904,337,904,665,1040,665,1040,337
3396,1567,2,0,52540,916,396,185,284,916,396,916,680,1101,680,1101,396
3397,1568,4,0,43310,971,317,122,355,971,317,971,672,1093,672,1093,317
3398,1568,2,0,73440,953,386,240,306,953,386,953,692,1193,692,1193,386
3399,1569,2,0,17596,824,384,106,166,824,384,824,550,930,550,930,384
3400,1569,4,0,10950,821,333,73,150,821,333,821,483,894,483,894,333
3401,1570,4,0,51982,1114,265,158,329,1114,265,1114,594,1272,594,1272,265
3402,1571,4,0,8062,377,256,58,139,377,256,377,395,435,395,435,256
3403,1571,4,0,5796,525,408,46,126,525,408,525,534,571,534,571,408
3404,1571,4,0,2368,613,371,32,74,613,371,613,445,645,445,645,371
3405,1571,2,0,3712,775,381,58,64,775,381,775,445,833,445,833,381
3406,1571,2,0,4774,877,390,62,77,877,390,877,467,939,467,939,390
3407,1571,3,0,13426,969,406,98,137,969,406,969,543,1067,543,1067,406
3408,1572,4,0,8174,479,430,61,134,479,430,479,564,540,564,540,430
3409,1572,3,0,13688,295,499,118,116,295,499,295,615,413,615,413,499
3410,1572,4,0,9048,332,256,58,156,332,256,332,412,390,412,390,256
3411,1572,3,0,20178,1045,436,114,177,1045,436,1045,613,1159,613,1159,436
3412,1572,2,0,6072,904,410,66,92,904,410,904,502,970,502,970,410
3413,1572,2,0,3782,775,401,62,61,775,401,775,462,837,462,837,401
3414,1572,4,0,2268,598,391,36,63,598,391,598,454,634,454,634,391
3415,1573,4,0,1890,584,397,27,70,584,397,584,467,611,467,611,397
3416,1573,4,0,9152,435,443,52,176,435,443,435,619,487,619,487,443
3417,1573,3,0,23256,199,533,152,153,199,533,199,686,351,686,351,533
3418,1573,4,0,13200,257,227,66,200,257,227,257,427,323,427,323,227
3419,1573,3,0,22570,1158,464,122,185,1158,464,1158,649,1280,649,1280,464
3420,1573,2,0,6204,932,428,66,94,932,428,932,522,998,522,998,428
3421,1573,2,0,4278,779,411,69,62,779,411,779,473,848,473,848,411
3422,1574,4,0,25038,335,465,107,234,335,465,335,699,442,699,442,465
3423,1574,4,0,1890,561,412,30,63,561,412,561,475,591,475,591,412
3424,1574,4,0,21360,140,193,89,240,140,193,140,433,229,433,229,193
3425,1574,2,0,10858,961,444,89,122,961,444,961,566,1050,566,1050,444
3426,1574,2,0,6640,778,421,80,83,778,421,778,504,858,504,858,421
3427,1574,3,0,25500,23,595,204,125,23,595,23,720,227,720,227,595
3428,1575,4,0,28560,169,503,136,210,169,503,169,713,305,713,305,503
3429,1575,4,0,29211,0,134,91,321,0,134,0,455,91,455,91,134
3430,1575,4,0,3198,539,416,41,78,539,416,539,494,580,494,580,416
3431,1575,2,0,17538,1000,470,111,158,1000,470,1000,628,1111,628,1111,470
3432,1575,2,0,8811,777,438,89,99,777,438,777,537,866,537,866,438
3433,1576,2,0,24576,335,423,128,192,335,423,335,615,463,615,463,423
3434,1577,2,0,50094,179,464,198,253,179,464,179,717,377,717,377,464
3435,1578,4,0,2232,521,402,31,72,521,402,521,474,552,474,552,402
3436,1578,2,0,24948,1070,467,132,189,1070,467,1070,656,1202,656,1202,467
3437,1578,2,0,9604,779,427,98,98,779,427,779,525,877,525,877,427
3438,1579,4,0,2752,493,343,32,86,493,343,493,429,525,429,525,343
3439,1579,2,0,22002,1166,428,114,193,1166,428,1166,621,1280,621,1280,428
3440,1579,2,0,9797,782,372,97,101,782,372,782,473,879,473,879,372
3441,1580,4,0,4230,463,324,47,90,463,324,463,414,510,414,510,324
3442,1580,2,0,14160,799,352,118,120,799,352,799,472,917,472,917,352
3443,1581,4,0,4165,431,341,49,85,431,341,431,426,480,426,480,341
3444,1581,2,0,1320,685,327,30,44,685,327,685,371,715,371,715,327
3445,1581,2,0,24800,823,381,160,155,823,381,823,536,983,536,983,381
3446,1582,2,0,31152,882,387,176,177,882,387,882,564,1058,564,1058,387
3447,1582,4,0,6790,367,357,70,97,367,357,367,454,437,454,437,357
3448,1583,4,0,9348,283,387,82,114,283,387,283,501,365,501,365,387
3449,1583,2,0,70432,953,405,284,248,953,405,953,653,1237,653,1237,405
3450,1584,2,0,817,701,352,19,43,701,352,701,395,720,395,720,352
3451,1584,4,0,8125,206,428,65,125,206,428,206,553,271,553,271,428
3452,1584,2,0,42385,1107,413,173,245,1107,413,1107,658,1280,658,1280,413
3453,1585,4,0,18942,27,437,123,154,27,437,27,591,150,591,150,437
3454,1585,2,0,1378,710,342,26,53,710,342,710,395,736,395,736,342
3455,1586,2,0,1316,718,368,28,47,718,368,718,415,746,415,746,368
3456,1587,4,0,1410,732,355,30,47,732,355,732,402,762,402,762,355
3457,1587,2,0,2166,730,371,38,57,730,371,730,428,768,428,768,371
3458,1588,2,0,3120,744,370,48,65,744,370,744,435,792,435,792,370
3459,1589,2,0,1044,634,404,29,36,634,404,634,440,663,440,663,404
3460,1590,2,0,1144,644,403,26,44,644,403,644,447,670,447,670,403
3461,1591,2,0,43870,994,428,205,214,994,428,994,642,1199,642,1199,428
3462,1591,4,0,21335,1003,336,85,251,1003,336,1003,587,1088,587,1088,336
3463,1592,2,0,17952,0,368,88,204,0,368,0,572,88,572,88,368
3464,1592,2,0,15344,198,401,137,112,198,401,198,513,335,513,335,401
3465,1592,2,0,10058,944,417,107,94,944,417,944,511,1051,511,1051,417
3466,1592,4,0,2430,853,472,45,54,853,472,853,526,898,526,898,472
3467,1592,2,0,1734,617,393,34,51,617,393,617,444,651,444,651,393
3468,1593,4,0,3819,971,507,57,67,971,507,971,574,1028,574,1028,507
3469,1593,2,0,17125,1077,424,137,125,1077,424,1077,549,1214,549,1214,424
3470,1593,2,0,3055,635,395,47,65,635,395,635,460,682,460,682,395
3471,1593,2,0,40766,32,387,218,187,32,387,32,574,250,574,250,387
3472,1594,2,0,5074,683,406,59,86,683,406,683,492,742,492,742,406
3473,1594,4,0,2470,696,364,26,95,696,364,696,459,722,459,722,364
3474,1595,2,0,14729,779,434,103,143,779,434,779,577,882,577,882,434
3475,1595,4,0,10836,780,358,63,172,780,358,780,530,843,530,843,358
3476,1596,2,0,1276,586,392,29,44,586,392,586,436,615,436,615,392
3477,1597,2,0,2128,618,399,38,56,618,399,618,455,656,455,656,399
3478,1598,2,0,3555,669,395,45,79,669,395,669,474,714,474,714,395
3479,1599,2,0,8030,757,424,73,110,757,424,757,534,830,534,830,424
3480,1599,4,0,4674,763,378,41,114,763,378,763,492,804,492,804,378
3481,1600,4,0,55748,1011,372,181,308,1011,372,1011,680,1192,680,1192,372
3482,1600,2,0,53410,1004,437,218,245,1004,437,1004,682,1222,682,1222,437
3483,1601,2,0,560,359,386,20,28,359,386,359,414,379,414,379,386
3484,1602,2,0,1334,408,388,29,46,408,388,408,434,437,434,437,388
3485,1603,2,0,1350,443,394,30,45,443,394,443,439,473,439,473,394
3486,1604,2,0,2240,493,396,40,56,493,396,493,452,533,452,533,396
3487,1605,2,0,2795,557,399,43,65,557,399,557,464,600,464,600,399
3488,1606,2,0,3280,644,408,41,80,644,408,644,488,685,488,685,408
3489,1607,2,0,17064,765,408,108,158,765,408,765,566,873,566,873,408
3490,1607,4,0,7200,777,362,45,160,777,362,777,522,822,522,822,362
3491,1608,4,0,9438,215,373,78,121,215,373,215,494,293,494,293,373
3492,1609,2,0,10864,161,430,97,112,161,430,161,542,258,542,258,430
3493,1609,4,0,11189,141,362,67,167,141,362,141,529,208,529,208,362
3494,1609,4,0,6256,205,364,46,136,205,364,205,500,251,500,251,364
3495,1610,4,0,8607,134,373,57,151,134,373,134,524,191,524,191,373
3496,1610,4,0,18483,50,356,101,183,50,356,50,539,151,539,151,356
3497,1610,2,0,18176,71,436,128,142,71,436,71,578,199,578,199,436
3498,1611,4,0,43172,936,326,172,251,936,326,936,577,1108,577,1108,326
3499,1611,2,0,43931,926,442,197,223,926,442,926,665,1123,665,1123,442
3500,1612,2,0,2538,1078,384,47,54,1078,384,1078,438,1125,438,1125,384
3501,1612,2,0,1700,652,398,34,50,652,398,652,448,686,448,686,398
3502,1612,2,0,1230,682,397,30,41,682,397,682,438,712,438,712,397
3503,1613,4,0,25585,794,369,119,215,794,369,794,584,913,584,913,369
3504,1613,2,0,24871,791,419,133,187,791,419,791,606,924,606,924,419
3505,1614,2,0,14910,739,406,105,142,739,406,739,548,844,548,844,406
3506,1615,2,0,9075,699,407,75,121,699,407,699,528,774,528,774,407
3507,1616,2,0,6468,661,409,66,98,661,409,661,507,727,507,727,409
3508,1617,2,0,4730,656,411,55,86,656,411,656,497,711,497,711,411
3509,1618,2,0,4455,637,387,55,81,637,387,637,468,692,468,692,387
3510,1619,2,0,1829,631,448,31,59,631,448,631,507,662,507,662,448
3511,1620,4,0,76242,1086,313,194,393,1086,313,1086,706,1280,706,1280,313
3512,1620,2,0,64350,1055,434,225,286,1055,434,1055,720,1280,720,1280,434
3513,1621,2,0,50830,871,420,221,230,871,420,871,650,1092,650,1092,420
3514,1621,4,0,21526,909,331,94,229,909,331,909,560,1003,560,1003,331
3515,1622,2,0,27580,765,386,140,197,765,386,765,583,905,583,905,386
3516,1623,2,0,17812,691,387,122,146,691,387,691,533,813,533,813,387
3517,1624,2,0,10810,653,386,94,115,653,386,653,501,747,501,747,386
3518,1625,2,0,3350,591,378,50,67,591,378,591,445,641,445,641,378
3519,1626,2,0,2552,588,382,44,58,588,382,588,440,632,440,632,382
3520,1627,2,0,1470,585,379,30,49,585,379,585,428,615,428,615,379
3521,1628,2,0,902,588,381,22,41,588,381,588,422,610,422,610,381
3522,1629,2,0,836,587,378,22,38,587,378,587,416,609,416,609,378
3523,1630,4,0,1400,510,374,25,56,510,374,510,430,535,430,535,374
3524,1631,4,0,1512,491,369,27,56,491,369,491,425,518,425,518,369
3525,1632,2,0,2736,490,361,38,72,490,361,490,433,528,433,528,361
3526,1632,2,0,640,586,378,20,32,586,378,586,410,606,410,606,378
3527,1633,2,0,3900,469,360,50,78,469,360,469,438,519,438,519,360
3528,1633,2,0,682,586,374,22,31,586,374,586,405,608,405,608,374
3529,1634,2,0,2478,453,390,42,59,453,390,453,449,495,449,495,390
3530,1634,4,0,2484,435,354,27,92,435,354,435,446,462,446,462,354
3531,1635,2,0,5341,408,354,49,109,408,354,408,463,457,463,457,354
3532,1635,4,0,2625,390,354,25,105,390,354,390,459,415,459,415,354
3533,1636,2,0,5015,358,394,59,85,358,394,358,479,417,479,417,394
3534,1636,4,0,3828,337,351,29,132,337,351,337,483,366,483,366,351
3535,1637,4,0,8823,245,339,51,173,245,339,245,512,296,512,296,339
3536,1637,2,0,10824,281,396,88,123,281,396,281,519,369,519,369,396
3537,1638,4,0,8580,142,325,55,156,142,325,142,481,197,481,197,325
3538,1638,2,0,22134,175,385,119,186,175,385,175,571,294,571,294,385
3539,1639,2,0,36557,5,355,139,263,5,355,5,618,144,618,144,355
3540,1640,2,0,6272,882,374,64,98,882,374,882,472,946,472,946,374
3541,1641,2,0,6592,930,384,64,103,930,384,930,487,994,487,994,384
3542,1642,2,0,10725,956,354,75,143,956,354,956,497,1031,497,1031,354
3543,1643,2,0,6402,931,376,66,97,931,376,931,473,997,473,997,376
3544,1644,2,0,18753,1095,405,141,133,1095,405,1095,538,1236,538,1236,405
3545,1644,4,0,11408,1120,351,62,184,1120,351,1120,535,1182,535,1182,351
3546,1644,2,0,7128,1003,381,72,99,1003,381,1003,480,1075,480,1075,381
3547,1645,2,0,15252,1112,385,124,123,1112,385,1112,508,1236,508,1236,385
3548,1646,1,0,5920,649,323,80,74,649,323,649,397,729,397,729,323
3549,1647,1,0,8352,657,326,87,96,657,326,657,422,744,422,744,326
3550,1648,1,0,11872,668,317,112,106,668,317,668,423,780,423,780,317
3551,1649,1,0,25670,692,301,170,151,692,301,692,452,862,452,862,301
3552,1650,1,0,89512,721,241,334,268,721,241,721,509,1055,509,1055,241
3553,1651,1,0,294816,836,11,444,664,836,11,836,675,1280,675,1280,11
3554,1652,2,0,1924,682,399,37,52,682,399,682,451,719,451,719,399
3555,1653,2,0,14016,1010,370,146,96,1010,370,1010,466,1156,466,1156,370
3556,1653,2,0,8284,931,364,109,76,931,364,931,440,1040,440,1040,364
3557,1653,2,0,5104,885,375,88,58,885,375,885,433,973,433,973,375
3558,1654,2,0,7735,936,370,91,85,936,370,936,455,1027,455,1027,370
3559,1654,2,0,10815,1017,359,103,105,1017,359,1017,464,1120,464,1120,359
3560,1654,2,0,17670,1123,368,155,114,1123,368,1123,482,1278,482,1278,368
3561,1655,2,0,14472,1025,372,134,108,1025,372,1025,480,1159,480,1159,372
3562,1655,2,0,14762,1158,373,122,121,1158,373,1158,494,1280,494,1280,373
3563,1656,1,0,812,578,365,28,29,578,365,578,394,606,394,606,365
3564,1657,1,0,928,584,353,29,32,584,353,584,385,613,385,613,353
3565,1658,1,0,1044,590,356,29,36,590,356,590,392,619,392,619,356
3566,1659,1,0,1110,595,359,30,37,595,359,595,396,625,396,625,359
3567,1660,1,0,1254,600,359,33,38,600,359,600,397,633,397,633,359
3568,1661,1,0,1599,605,354,41,39,605,354,605,393,646,393,646,354
3569,1662,1,0,2016,615,357,42,48,615,357,615,405,657,405,657,357
3570,1663,1,0,2958,622,348,51,58,622,348,622,406,673,406,673,348
3571,1664,1,0,3078,633,349,54,57,633,349,633,406,687,406,687,349
3572,1665,1,0,5460,644,337,70,78,644,337,644,415,714,415,714,337
3573,1666,1,0,8550,655,343,95,90,655,343,655,433,750,433,750,343
3574,1667,1,0,21420,674,318,153,140,674,318,674,458,827,458,827,318
3575,1668,1,0,61594,740,299,299,206,740,299,740,505,1039,505,1039,299
3576,1669,1,0,180930,905,179,370,489,905,179,905,668,1275,668,1275,179
3577,1670,2,0,10472,1081,385,88,119,1081,385,1081,504,1169,504,1169,385
3578,1670,4,0,5376,1074,340,48,112,1074,340,1074,452,1122,452,1122,340
3579,1671,1,0,223608,812,232,462,484,812,232,812,716,1274,716,1274,232
3580,1671,1,0,1776,513,356,48,37,513,356,513,393,561,393,561,356
3581,1672,1,0,1750,541,350,50,35,541,350,541,385,591,385,591,350
3582,1672,1,0,208980,708,228,540,387,708,228,708,615,1248,615,1248,228
3583,1673,1,0,109368,644,298,372,294,644,298,644,592,1016,592,1016,298
3584,1673,1,0,2585,571,369,55,47,571,369,571,416,626,416,626,369
3585,1674,2,0,1421,706,408,29,49,706,408,706,457,735,457,735,408
3586,1674,2,0,2773,1199,379,47,59,1199,379,1199,438,1246,438,1246,379
3587,1675,1,0,15730,683,359,130,121,683,359,683,480,813,480,813,359
3588,1676,1,0,66304,605,291,259,256,605,291,605,547,864,547,864,291
3589,1677,1,0,41961,572,319,213,197,572,319,572,516,785,516,785,319
3590,1678,1,0,12513,734,357,129,97,734,357,734,454,863,454,863,357
3591,1678,1,0,29970,567,316,162,185,567,316,567,501,729,501,729,316
3592,1679,1,0,54058,834,337,302,179,834,337,834,516,1136,516,1136,337
3593,1679,1,0,20727,561,327,141,147,561,327,561,474,702,474,702,327
3594,1680,1,0,16080,561,325,120,134,561,325,561,459,681,459,681,325
3595,1681,1,0,13530,546,330,110,123,546,330,546,453,656,453,656,330
3596,1682,1,0,11500,533,330,100,115,533,330,533,445,633,445,633,330
3597,1683,1,0,8722,529,350,89,98,529,350,529,448,618,448,618,350
3598,1684,1,0,7371,523,348,81,91,523,348,523,439,604,439,604,348
3599,1685,1,0,6888,505,347,82,84,505,347,505,431,587,431,587,347
3600,1686,1,0,41580,722,345,231,180,722,345,722,525,953,525,953,345
3601,1687,1,0,5832,497,342,72,81,497,342,497,423,569,423,569,342
3602,1688,1,0,5402,491,353,73,74,491,353,491,427,564,427,564,353
3603,1689,1,0,4680,497,345,65,72,497,345,497,417,562,417,562,345
3604,1689,2,0,1479,647,367,29,51,647,367,647,418,676,418,676,367
3605,1690,2,0,2829,703,368,41,69,703,368,703,437,744,437,744,368
3606,1690,1,0,4416,494,353,64,69,494,353,494,422,558,422,558,353
3607,1691,2,0,6720,818,352,60,112,818,352,818,464,878,464,878,352
3608,1691,1,0,3770,499,350,65,58,499,350,499,408,564,408,564,350
3609,1692,1,0,3248,494,353,58,56,494,353,494,409,552,409,552,353
3610,1692,4,0,26508,1182,306,94,282,1182,306,1182,588,1276,588,1276,306
3611,1692,2,0,31930,1125,422,155,206,1125,422,1125,628,1280,628,1280,422
3612,1693,1,0,2970,492,358,55,54,492,358,492,412,547,412,547,358
3613,1694,1,0,2850,490,355,50,57,490,355,490,412,540,412,540,355
3614,1695,1,0,2632,485,353,47,56,485,353,485,409,532,409,532,353
3615,1696,1,0,2597,482,353,49,53,482,353,482,406,531,406,531,353
3616,1697,1,0,181740,814,318,466,390,814,318,814,708,1280,708,1280,318
3617,1698,1,0,2304,496,349,48,48,496,349,496,397,544,397,544,349
3618,1699,1,0,2068,490,350,47,44,490,350,490,394,537,394,537,350
3619,1700,1,0,2024,489,349,46,44,489,349,489,393,535,393,535,349
3620,1701,1,0,1980,484,359,44,45,484,359,484,404,528,404,528,359
3621,1702,1,0,1680,477,352,40,42,477,352,477,394,517,394,517,352
3622,1703,1,0,1482,471,360,39,38,471,360,471,398,510,398,510,360
3623,1703,1,0,2024,503,348,46,44,503,348,503,392,549,392,549,348
3624,1704,1,0,3348,498,336,62,54,498,336,498,390,560,390,560,336
3625,1704,1,0,1760,458,349,40,44,458,349,458,393,498,393,498,349
3626,1705,1,0,812,517,363,29,28,517,363,517,391,546,391,546,363
3627,1705,1,0,16065,675,317,135,119,675,317,675,436,810,436,810,317
3628,1705,4,0,5800,893,354,50,116,893,354,893,470,943,470,943,354
3629,1705,1,0,990,486,360,30,33,486,360,486,393,516,393,516,360
3630,1706,1,0,529,535,369,23,23,535,369,535,392,558,392,558,369
3631,1706,4,0,8640,1006,359,64,135,1006,359,1006,494,1070,494,1070,359
3632,1706,1,0,23595,709,301,165,143,709,301,709,444,874,444,874,301
3633,1706,1,0,832,501,365,26,32,501,365,501,397,527,397,527,365
3634,1707,1,0,1050,510,354,35,30,510,354,510,384,545,384,545,354
3635,1707,1,0,624,557,364,26,24,557,364,557,388,583,388,583,364
3636,1707,1,0,38640,741,277,230,168,741,277,741,445,971,445,971,277
3637,1707,4,0,12159,1201,330,63,193,1201,330,1201,523,1264,523,1264,330
3638,1708,1,0,1152,571,361,36,32,571,361,571,393,607,393,607,361
3639,1708,1,0,53568,784,269,279,192,784,269,784,461,1063,461,1063,269
3640,1708,1,0,837,523,357,27,31,523,357,523,388,550,388,550,357
3641,1709,1,0,115200,876,230,400,288,876,230,876,518,1276,518,1276,230
3642,1709,1,0,1720,594,359,43,40,594,359,594,399,637,399,637,359
3643,1710,1,0,2340,623,358,52,45,623,358,623,403,675,403,675,358
3644,1710,1,0,113390,990,143,290,391,990,143,990,534,1280,534,1280,143
3645,1711,1,0,4960,652,359,80,62,652,359,652,421,732,421,732,359
3646,1712,1,0,11070,684,359,123,90,684,359,684,449,807,449,807,359
3647,1713,1,0,38115,748,340,231,165,748,340,748,505,979,505,979,340
3648,1714,1,0,130092,987,276,293,444,987,276,987,720,1280,720,1280,276
3649,1715,1,0,792,581,352,24,33,581,352,581,385,605,385,605,352
3650,1716,2,0,1947,731,379,33,59,731,379,731,438,764,438,764,379
3651,1716,2,0,5644,321,377,83,68,321,377,321,445,404,445,404,377
3652,1717,2,0,4590,794,368,54,85,794,368,794,453,848,453,848,368
3653,1717,2,0,7696,268,375,104,74,268,375,268,449,372,449,372,375
3654,1718,2,0,12825,178,394,135,95,178,394,178,489,313,489,313,394
3655,1718,2,0,9163,914,387,77,119,914,387,914,506,991,506,991,387
3656,1718,4,0,4773,922,358,37,129,922,358,922,487,959,487,959,358
3657,1719,2,0,27522,20,406,198,139,20,406,20,545,218,545,218,406
3658,1720,2,0,882,713,378,21,42,713,378,713,420,734,420,734,378
3659,1721,2,0,987,732,367,21,47,732,367,732,414,753,414,753,367
3660,1722,2,0,2070,780,370,30,69,780,370,780,439,810,439,810,370
3661,1723,2,0,7714,861,345,58,133,861,345,861,478,919,478,919,345
3662,1724,2,0,35844,1062,389,174,206,1062,389,1062,595,1236,595,1236,389
3663,1724,4,0,18316,1086,323,76,241,1086,323,1086,564,1162,564,1162,323
3664,1725,2,0,2204,731,413,38,58,731,413,731,471,769,471,769,413
3665,1725,2,0,1815,702,403,33,55,702,403,702,458,735,458,735,403
3666,1725,4,0,1407,734,368,21,67,734,368,734,435,755,435,755,368
3667,1726,1,0,1692,667,353,36,47,667,353,667,400,703,400,703,353
3668,1727,1,0,2679,684,342,47,57,684,342,684,399,731,399,731,342
3669,1728,1,0,2496,689,353,48,52,689,353,689,405,737,405,737,353
3670,1729,1,0,3363,693,356,59,57,693,356,693,413,752,413,752,356
3671,1730,1,0,3762,701,345,57,66,701,345,701,411,758,411,758,345
3672,1731,2,0,924,672,375,22,42,672,375,672,417,694,417,694,375
3673,1731,1,0,24500,731,349,175,140,731,349,731,489,906,489,906,349
3674,1732,1,0,166455,869,280,411,405,869,280,869,685,1280,685,1280,280
3675,1732,2,0,816,692,359,17,48,692,359,692,407,709,407,709,359
3676,1733,2,0,42833,898,400,211,203,898,400,898,603,1109,603,1109,400
3677,1733,4,0,30976,927,294,128,242,927,294,927,536,1055,536,1055,294
3678,1733,2,0,1242,354,318,27,46,354,318,354,364,381,364,381,318
3679,1734,2,0,1400,450,282,28,50,450,282,450,332,478,332,478,282
3680,1735,2,0,1482,514,287,26,57,514,287,514,344,540,344,540,287
3681,1736,2,0,735,551,366,21,35,551,366,551,401,572,401,572,366
3682,1737,2,0,1080,554,363,24,45,554,363,554,408,578,408,578,363
3683,1738,2,0,1128,554,362,24,47,554,362,554,409,578,409,578,362
3684,1739,2,0,2223,533,358,39,57,533,358,533,415,572,415,572,358
3685,1740,2,0,1827,522,345,29,63,522,345,522,408,551,408,551,345
3686,1741,2,0,1736,504,355,31,56,504,355,504,411,535,411,535,355
3687,1742,2,0,2772,472,353,44,63,472,353,472,416,516,416,516,353
3688,1742,2,0,1620,658,352,36,45,658,352,658,397,694,397,694,352
3689,1743,2,0,1470,680,360,30,49,680,360,680,409,710,409,710,360
3690,1743,2,0,3468,454,352,51,68,454,352,454,420,505,420,505,352
3691,1743,2,0,5742,168,356,87,66,168,356,168,422,255,422,255,356
3692,1744,2,0,1600,717,417,32,50,717,417,717,467,749,467,749,417
3693,1744,2,0,4947,767,402,51,97,767,402,767,499,818,499,818,402
3694,1744,4,0,3332,767,375,34,98,767,375,767,473,801,473,801,375
3695,1745,3,0,3264,730,386,48,68,730,386,730,454,778,454,778,386
3696,1745,4,0,2146,732,355,29,74,732,355,732,429,761,429,761,355
3697,1746,3,0,4836,790,389,52,93,790,389,790,482,842,482,842,389
3698,1746,4,0,4032,791,343,36,112,791,343,791,455,827,455,827,343
3699,1747,4,0,7630,872,341,70,109,872,341,872,450,942,450,942,341
3700,1747,3,0,9594,873,404,82,117,873,404,873,521,955,521,955,404
3701,1748,4,0,40584,1052,329,152,267,1052,329,1052,596,1204,596,1204,329
3702,1748,3,0,43068,1036,440,222,194,1036,440,1036,634,1258,634,1258,440
3703,1749,2,0,5696,737,387,64,89,737,387,737,476,801,476,801,387
3704,1750,2,0,13068,814,394,99,132,814,394,814,526,913,526,913,394
3705,1751,4,0,34344,1022,334,159,216,1022,334,1022,550,1181,550,1181,334
3706,1751,2,0,65250,985,422,261,250,985,422,985,672,1246,672,1246,422
3707,1752,4,0,80520,985,281,220,366,985,281,985,647,1205,647,1205,281
3708,1752,2,0,75946,976,436,299,254,976,436,976,690,1275,690,1275,436
3709,1753,4,0,38000,813,316,152,250,813,316,813,566,965,566,965,316
3710,1753,2,0,39098,811,418,173,226,811,418,811,644,984,644,984,418
3711,1754,2,0,20679,697,404,113,183,697,404,697,587,810,587,810,404
3712,1754,4,0,16192,708,332,88,184,708,332,708,516,796,516,796,332
3713,1755,2,0,10220,636,389,73,140,636,389,636,529,709,529,709,389
3714,1755,4,0,10780,636,328,70,154,636,328,636,482,706,482,706,328
3715,1756,2,0,9750,581,366,75,130,581,366,581,496,656,496,656,366
3716,1757,2,0,4806,565,383,54,89,565,383,565,472,619,472,619,383
3717,1757,2,0,1144,647,371,26,44,647,371,647,415,673,415,673,371
3718,1758,2,0,3577,566,388,49,73,566,388,566,461,615,461,615,388
3719,1758,4,0,2812,570,349,38,74,570,349,570,423,608,423,608,349
3720,1758,2,0,1748,676,384,38,46,676,384,676,430,714,430,714,384
3721,1759,2,0,3002,569,369,38,79,569,369,569,448,607,448,607,369
3722,1759,4,0,2211,732,351,33,67,732,351,732,418,765,418,765,351
3723,1759,2,0,4544,718,383,64,71,718,383,718,454,782,454,782,383
3724,1760,2,0,2100,572,382,35,60,572,382,572,442,607,442,607,382
3725,1760,4,0,6420,839,342,60,107,839,342,839,449,899,449,899,342
3726,1760,2,0,15400,826,392,110,140,826,392,826,532,936,532,936,392
3727,1761,2,0,2275,575,370,35,65,575,370,575,435,610,435,610,370
3728,1762,2,0,1870,576,374,34,55,576,374,576,429,610,429,610,374
3729,1763,2,0,1680,578,364,30,56,578,364,578,420,608,420,608,364
3730,1763,2,0,1519,674,362,31,49,674,362,674,411,705,411,705,362
3731,1764,2,0,1624,583,361,29,56,583,361,583,417,612,417,612,361
3732,1764,2,0,2714,697,369,46,59,697,369,697,428,743,428,743,369
3733,1765,2,0,1196,589,366,23,52,589,366,589,418,612,418,612,366
3734,1765,2,0,6580,738,371,70,94,738,371,738,465,808,465,808,371
3735,1766,2,0,1056,594,376,24,44,594,376,594,420,618,420,618,376
3736,1766,2,0,26425,855,391,151,175,855,391,855,566,1006,566,1006,391
3737,1766,4,0,8427,906,333,53,159,906,333,906,492,959,492,959,333
3738,1767,2,0,1056,593,376,22,48,593,376,593,424,615,424,615,376
3739,1768,2,0,1144,584,377,26,44,584,377,584,421,610,421,610,377
3740,1769,2,0,3330,730,412,45,74,730,412,730,486,775,486,775,412
3741,1769,2,0,12212,823,388,86,142,823,388,823,530,909,530,909,388
3742,1769,4,0,6210,833,358,45,138,833,358,833,496,878,496,878,358
3743,1769,4,0,3154,742,385,38,83,742,385,742,468,780,468,780,385
3744,1770,2,0,800,585,371,25,32,585,371,585,403,610,403,610,371
3745,1771,2,0,2332,608,365,44,53,608,365,608,418,652,418,652,365
3746,1772,2,0,4104,662,372,57,72,662,372,662,444,719,444,719,372
3747,1773,2,0,11136,782,381,87,128,782,381,782,509,869,509,869,381
3748,1773,4,0,7314,784,332,46,159,784,332,784,491,830,491,830,332
3749,1774,2,0,9180,769,429,85,108,769,429,769,537,854,537,854,429
3750,1774,4,0,5580,785,378,45,124,785,378,785,502,830,502,830,378
3751,1775,4,0,22275,1097,365,75,297,1097,365,1097,662,1172,662,1172,365
3752,1775,2,0,47775,1035,482,245,195,1035,482,1035,677,1280,677,1280,482
3753,1776,2,0,1053,691,377,27,39,691,377,691,416,718,416,718,377
3754,1777,2,0,1600,712,379,32,50,712,379,712,429,744,429,744,379
3755,1778,2,0,2847,756,375,39,73,756,375,756,448,795,448,795,375
3756,1779,4,0,3800,839,350,40,95,839,350,839,445,879,445,879,350
3757,1779,2,0,7526,842,390,71,106,842,390,842,496,913,496,913,390
3758,1780,4,0,23763,1138,331,89,267,1138,331,1138,598,1227,598,1227,331
3759,1780,2,0,37249,1087,437,193,193,1087,437,1087,630,1280,630,1280,437
3760,1781,2,0,8829,744,395,81,109,744,395,744,504,825,504,825,395
3761,1781,4,0,5355,751,363,45,119,751,363,751,482,796,482,796,363
3762,1782,4,0,51336,1022,322,184,279,1022,322,1022,601,1206,601,1206,322
3763,1782,2,0,60256,1011,447,269,224,1011,447,1011,671,1280,671,1280,447
3764,1782,1,0,9085,635,326,115,79,635,326,635,405,750,405,750,326
3765,1783,2,0,28938,958,402,159,182,958,402,958,584,1117,584,1117,402
3766,1783,4,0,32092,952,330,142,226,952,330,952,556,1094,556,1094,330
3767,1783,2,0,6780,767,396,60,113,767,396,767,509,827,509,827,396
3768,1783,4,0,4386,776,372,34,129,776,372,776,501,810,501,810,372
3769,1784,1,0,14504,660,311,148,98,660,311,660,409,808,409,808,311
3770,1785,1,0,17160,676,310,165,104,676,310,676,414,841,414,841,310
3771,1786,1,0,15456,800,354,184,84,800,354,800,438,984,438,984,354
3772,1786,1,0,21924,686,308,203,108,686,308,686,416,889,416,889,308
3773,1786,2,0,3648,685,378,48,76,685,378,685,454,733,454,733,378
3774,1787,2,0,12408,817,396,88,141,817,396,817,537,905,537,905,396
3775,1787,4,0,6795,825,347,45,151,825,347,825,498,870,498,870,347
3776,1787,1,0,27348,714,305,212,129,714,305,714,434,926,434,926,305
3777,1787,1,0,15210,903,364,169,90,903,364,903,454,1072,454,1072,364
3778,1788,1,0,30360,909,358,276,110,909,358,909,468,1185,468,1185,358
3779,1788,1,0,35391,742,299,251,141,742,299,742,440,993,440,993,299
3780,1789,1,0,39760,996,346,284,140,996,346,996,486,1280,486,1280,346
3781,1789,1,0,43416,779,282,268,162,779,282,779,444,1047,444,1047,282
3782,1790,1,0,77022,819,262,389,198,819,262,819,460,1208,460,1208,262
3783,1791,1,0,98400,880,227,400,246,880,227,880,473,1280,473,1280,227
3784,1792,1,0,93148,988,174,292,319,988,174,988,493,1280,493,1280,174
3785,1793,2,0,1617,732,376,33,49,732,376,732,425,765,425,765,376
3786,1794,2,0,2310,760,374,33,70,760,374,760,444,793,444,793,374
3787,1795,2,0,6720,822,389,60,112,822,389,822,501,882,501,882,389
3788,1795,4,0,5040,821,352,48,105,821,352,821,457,869,457,869,352
3789,1796,4,0,35955,1053,339,141,255,1053,339,1053,594,1194,594,1194,339
3790,1796,2,0,38402,1067,404,182,211,1067,404,1067,615,1249,615,1249,404
3791,1797,2,0,21804,821,394,138,158,821,394,821,552,959,552,959,394
3792,1797,4,0,8211,849,359,51,161,849,359,849,520,900,520,900,359
3793,1798,4,0,2025,739,400,25,81,739,400,739,481,764,481,764,400
3794,1799,4,0,3686,782,403,38,97,782,403,782,500,820,500,820,403
3795,1799,4,0,2475,686,386,33,75,686,386,686,461,719,461,719,386
3796,1800,4,0,4410,875,410,35,126,875,410,875,536,910,536,910,410
3797,1800,4,0,3102,717,383,33,94,717,383,717,477,750,477,750,383
3798,1801,4,0,17958,1053,415,82,219,1053,415,1053,634,1135,634,1135,415
3799,1801,3,0,8806,737,375,74,119,737,375,737,494,811,494,811,375
3800,1802,2,0,32922,1094,398,186,177,1094,398,1094,575,1280,575,1280,398
3801,1802,4,0,7950,825,373,53,150,825,373,825,523,878,523,878,373
3802,1802,3,0,16524,790,375,108,153,790,375,790,528,898,528,898,375
3803,1803,3,0,38802,887,367,174,223,887,367,887,590,1061,590,1061,367
3804,1803,4,0,15249,954,365,69,221,954,365,954,586,1023,586,1023,365
3805,1803,2,0,6460,251,384,68,95,251,384,251,479,319,479,319,384
3806,1804,2,0,8778,159,396,77,114,159,396,159,510,236,510,236,396
3807,1804,3,0,63945,1077,349,203,315,1077,349,1077,664,1280,664,1280,349
3808,1804,2,0,12360,266,375,120,103,266,375,266,478,386,478,386,375
3809,1805,2,0,14628,501,328,92,159,501,328,501,487,593,487,593,328
3810,1805,4,0,10725,520,279,65,165,520,279,520,444,585,444,585,279
3811,1806,4,0,10988,568,279,67,164,568,279,568,443,635,443,635,279
3812,1806,2,0,18921,544,327,119,159,544,327,544,486,663,486,663,327
3813,1807,2,0,15741,610,324,99,159,610,324,610,483,709,483,709,324
3814,1807,4,0,8700,628,275,58,150,628,275,628,425,686,425,686,275
3815,1808,4,0,9296,681,283,56,166,681,283,681,449,737,449,737,283
3816,1808,2,0,19764,646,331,122,162,646,331,646,493,768,493,768,331
3817,1808,2,0,16836,515,343,138,122,515,343,515,465,653,465,653,343
3818,1809,2,0,24596,463,353,172,143,463,353,463,496,635,496,635,353
3819,1809,2,0,19435,700,334,115,169,700,334,700,503,815,503,815,334
3820,1809,4,0,11696,724,280,68,172,724,280,724,452,792,452,792,280
3821,1810,2,0,21285,724,335,129,165,724,335,724,500,853,500,853,335
3822,1810,2,0,35739,369,366,209,171,369,366,369,537,578,537,578,366
3823,1810,4,0,12460,761,277,70,178,761,277,761,455,831,455,831,277
3824,1811,2,0,79768,172,372,338,236,172,372,172,608,510,608,510,372
3825,1811,2,0,19305,764,339,117,165,764,339,764,504,881,504,881,339
3826,1811,4,0,14773,785,271,79,187,785,271,785,458,864,458,864,271
3827,1812,2,0,83659,4,420,311,269,4,420,4,689,315,689,315,420
3828,1812,2,0,16296,784,336,97,168,784,336,784,504,881,504,881,336
3829,1812,4,0,12600,805,282,70,180,805,282,805,462,875,462,875,282
3830,1813,2,0,19549,766,332,113,173,766,332,766,505,879,505,879,332
3831,1813,4,0,13528,785,283,76,178,785,283,785,461,861,461,861,283
3832,1814,2,0,23688,749,337,126,188,749,337,749,525,875,525,875,337
3833,1814,4,0,13050,773,286,75,174,773,286,773,460,848,460,848,286
3834,1815,2,0,23056,723,338,131,176,723,338,723,514,854,514,854,338
3835,1815,4,0,13260,753,287,78,170,753,287,753,457,831,457,831,287
3836,1816,2,0,22204,705,330,122,182,705,330,705,512,827,512,827,330
3837,1817,2,0,20246,699,329,106,191,699,329,699,520,805,520,805,329
3838,1817,4,0,14514,712,278,82,177,712,278,712,455,794,455,794,278
3839,1818,4,0,13778,692,274,83,166,692,274,692,440,775,440,775,274
3840,1818,2,0,20176,687,321,104,194,687,321,687,515,791,515,791,321
3841,1819,2,0,22032,658,326,108,204,658,326,658,530,766,530,766,326
3842,1819,4,0,14000,678,272,80,175,678,272,678,447,758,447,758,272
3843,1820,1,0,10120,1079,294,92,110,1079,294,1079,404,1171,404,1171,294
3844,1820,2,0,23320,628,329,110,212,628,329,628,541,738,541,738,329
3845,1820,4,0,14060,644,277,76,185,644,277,644,462,720,462,720,277
3846,1821,1,0,12342,1099,295,102,121,1099,295,1099,416,1201,416,1201,295
3847,1821,2,0,23600,602,343,118,200,602,343,602,543,720,543,720,343
3848,1821,4,0,12740,629,287,70,182,629,287,629,469,699,469,699,287
3849,1822,1,0,16303,1159,280,119,137,1159,280,1159,417,1278,417,1278,280
3850,1822,2,0,21582,615,323,109,198,615,323,615,521,724,521,724,323
3851,1822,4,0,14014,634,276,77,182,634,276,634,458,711,458,711,276
3852,1823,2,0,21400,623,339,107,200,623,339,623,539,730,539,730,339
3853,1823,4,0,14364,645,283,76,189,645,283,645,472,721,472,721,283
3854,1824,2,0,15824,750,324,92,172,750,324,750,496,842,496,842,324
3855,1824,2,0,33735,88,362,173,195,88,362,88,557,261,557,261,362
3856,1825,2,0,22032,586,351,108,204,586,351,586,555,694,555,694,351
3857,1825,4,0,16082,603,286,86,187,603,286,603,473,689,473,689,286
3858,1826,2,0,19982,584,358,103,194,584,358,584,552,687,552,687,358
3859,1826,4,0,16168,594,282,86,188,594,282,594,470,680,470,680,282
3860,1827,2,0,17088,583,368,96,178,583,368,583,546,679,546,679,368
3861,1827,4,0,16745,595,275,85,197,595,275,595,472,680,472,680,275
3862,1828,2,0,16728,577,398,102,164,577,398,577,562,679,562,679,398
3863,1828,4,0,14661,593,282,81,181,593,282,593,463,674,463,674,282
3864,1829,2,0,1696,887,329,32,53,887,329,887,382,919,382,919,329
3865,1829,2,0,25752,566,336,116,222,566,336,566,558,682,558,682,336
3866,1829,4,0,17160,579,275,88,195,579,275,579,470,667,470,667,275
3867,1830,2,0,4840,921,320,55,88,921,320,921,408,976,408,976,320
3868,1830,4,0,14195,570,280,85,167,570,280,570,447,655,447,655,280
3869,1830,2,0,26100,560,333,116,225,560,333,560,558,676,558,676,333
3870,1830,4,0,2346,931,294,34,69,931,294,931,363,965,363,965,294
3871,1831,4,0,5520,1011,280,48,115,1011,280,1011,395,1059,395,1059,280
3872,1831,2,0,11305,1005,320,85,133,1005,320,1005,453,1090,453,1090,320
3873,1831,2,0,28520,548,333,124,230,548,333,548,563,672,563,672,333
3874,1831,4,0,16720,568,273,88,190,568,273,568,463,656,463,656,273
3875,1832,2,0,2544,824,312,48,53,824,312,824,365,872,365,872,312
3876,1832,2,0,28426,544,330,122,233,544,330,544,563,666,563,666,330
3877,1832,4,0,15540,568,272,74,210,568,272,568,482,642,482,642,272
3878,1833,2,0,30820,527,329,134,230,527,329,527,559,661,559,661,329
3879,1833,2,0,2652,852,314,39,68,852,314,852,382,891,382,891,314
3880,1833,4,0,20460,551,268,93,220,551,268,551,488,644,488,644,268
3881,1834,2,0,5220,870,319,58,90,870,319,870,409,928,409,928,319
3882,1834,4,0,20384,534,274,98,208,534,274,534,482,632,482,632,274
3883,1834,2,0,30420,524,330,130,234,524,330,524,564,654,564,654,330
3884,1835,2,0,10270,916,322,79,130,916,322,916,452,995,452,995,322
3885,1835,4,0,6721,927,296,47,143,927,296,927,439,974,439,974,296
3886,1835,4,0,20680,494,270,94,220,494,270,494,490,588,490,588,270
3887,1835,2,0,30336,486,332,128,237,486,332,486,569,614,569,614,332
3888,1836,2,0,2088,871,320,36,58,871,320,871,378,907,378,907,320
3889,1837,2,0,3552,868,323,48,74,868,323,868,397,916,397,916,323
3890,1838,2,0,6180,899,327,60,103,899,327,899,430,959,430,959,327
3891,1839,2,0,36000,1032,324,160,225,1032,324,1032,549,1192,549,1192,324
3892,1839,2,0,665,792,323,19,35,792,323,792,358,811,358,811,323
3893,1839,4,0,17380,1055,274,79,220,1055,274,1055,494,1134,494,1134,274
3894,1840,2,0,704,796,324,22,32,796,324,796,356,818,356,818,324
3895,1840,1,0,10500,850,290,150,70,850,290,850,360,1000,360,1000,290
3896,1841,2,0,2112,816,321,33,64,816,321,816,385,849,385,849,321
3897,1841,1,0,15308,859,292,178,86,859,292,859,378,1037,378,1037,292
3898,1842,2,0,4500,868,323,50,90,868,323,868,413,918,413,918,323
3899,1842,1,0,19292,871,291,212,91,871,291,871,382,1083,382,1083,291
3900,1843,2,0,20960,985,345,131,160,985,345,985,505,1116,505,1116,345
3901,1843,4,0,7943,1006,294,47,169,1006,294,1006,463,1053,463,1053,294
3902,1843,1,0,25149,909,287,249,101,909,287,909,388,1158,388,1158,287
3903,1844,1,0,41406,952,275,309,134,952,275,952,409,1261,409,1261,275
3904,1844,4,0,1463,829,299,19,77,829,299,829,376,848,376,848,299
3905,1844,4,0,1272,857,311,24,53,857,311,857,364,881,364,881,311
3906,1845,2,0,1296,856,326,27,48,856,326,856,374,883,374,883,326
3907,1845,4,0,1776,841,301,24,74,841,301,841,375,865,375,865,301
3908,1845,1,0,42504,1016,268,264,161,1016,268,1016,429,1280,429,1280,268
3909,1845,4,0,1512,880,308,21,72,880,308,880,380,901,380,901,308
3910,1846,4,0,1900,909,308,25,76,909,308,909,384,934,384,934,308
3911,1846,4,0,2160,864,301,27,80,864,301,864,381,891,381,891,301
3912,1847,4,0,3549,885,297,39,91,885,297,885,388,924,388,924,297
3913,1847,4,0,2352,939,301,28,84,939,301,939,385,967,385,967,301
3914,1848,4,0,3956,981,299,43,92,981,299,981,391,1024,391,1024,299
3915,1848,4,0,3996,923,291,37,108,923,291,923,399,960,399,960,291
3916,1849,4,0,5320,977,285,40,133,977,285,977,418,1017,418,1017,285
3917,1849,4,0,4625,1061,301,37,125,1061,301,1061,426,1098,426,1098,301
3918,1849,2,0,2925,1015,341,39,75,1015,341,1015,416,1054,416,1054,341
3919,1850,1,0,10800,913,308,144,75,913,308,913,383,1057,383,1057,308
3920,1850,4,0,10117,1164,304,67,151,1164,304,1164,455,1231,455,1231,304
3921,1850,4,0,11832,1060,283,68,174,1060,283,1060,457,1128,457,1128,283
3922,1851,4,0,15906,1213,270,66,241,1213,270,1213,511,1279,511,1279,270
3923,1851,1,0,20640,937,303,215,96,937,303,937,399,1152,399,1152,303
3924,1852,1,0,26215,979,297,245,107,979,297,979,404,1224,404,1224,297
3925,1853,1,0,39284,1036,260,244,161,1036,260,1036,421,1280,421,1280,260
3926,1854,1,0,25102,1117,277,163,154,1117,277,1117,431,1280,431,1280,277
3927,1855,2,0,630,772,327,18,35,772,327,772,362,790,362,790,327
3928,1856,2,0,792,793,338,24,33,793,338,793,371,817,371,817,338
3929,1857,2,0,1674,820,328,31,54,820,328,820,382,851,382,851,328
3930,1858,2,0,5253,865,313,51,103,865,313,865,416,916,416,916,313
3931,1859,2,0,20280,975,322,120,169,975,322,975,491,1095,491,1095,322
3932,1859,4,0,9891,974,278,63,157,974,278,974,435,1037,435,1037,278
3933,1860,1,0,1640,710,329,40,41,710,329,710,370,750,370,750,329
3934,1861,1,0,1935,715,329,43,45,715,329,715,374,758,374,758,329
3935,1862,1,0,2650,724,310,53,50,724,310,724,360,777,360,777,310
3936,1863,1,0,3009,740,309,59,51,740,309,740,360,799,360,799,309
3937,1864,1,0,6000,751,300,80,75,751,300,751,375,831,375,831,300
3938,1865,1,0,11856,773,292,114,104,773,292,773,396,887,396,887,292
3939,1866,1,0,29204,801,288,196,149,801,288,801,437,997,437,997,288
3940,1867,1,0,124475,897,251,383,325,897,251,897,576,1280,576,1280,251
3941,1867,2,0,1612,661,315,31,52,661,315,661,367,692,367,692,315
3942,1868,2,0,1530,798,319,30,51,798,319,798,370,828,370,828,319
3943,1868,2,0,5270,832,345,62,85,832,345,832,430,894,430,894,345
3944,1868,4,0,3901,837,291,47,83,837,291,837,374,884,374,884,291
3945,1868,2,0,1728,643,327,32,54,643,327,643,381,675,381,675,327
3946,1869,2,0,3690,821,308,41,90,821,308,821,398,862,398,862,308
3947,1869,2,0,1829,636,336,31,59,636,336,636,395,667,395,667,336
3948,1869,4,0,16750,1042,261,67,250,1042,261,1042,511,1109,511,1109,261
3949,1869,2,0,51912,994,354,206,252,994,354,994,606,1200,606,1200,354
3950,1870,2,0,7137,873,300,61,117,873,300,873,417,934,417,934,300
3951,1870,2,0,2170,631,319,31,70,631,319,631,389,662,389,662,319
3952,1871,2,0,2923,612,324,37,79,612,324,612,403,649,403,649,324
3953,1871,2,0,21840,982,325,120,182,982,325,982,507,1102,507,1102,325
3954,1871,4,0,14094,1005,274,87,162,1005,274,1005,436,1092,436,1092,274
3955,1871,2,0,2640,564,314,40,66,564,314,564,380,604,380,604,314
3956,1872,2,0,4150,599,320,50,83,599,320,599,403,649,403,649,320
3957,1872,2,0,2709,536,320,43,63,536,320,536,383,579,383,579,320
3958,1873,2,0,5073,585,327,57,89,585,327,585,416,642,416,642,327
3959,1873,2,0,3672,506,330,51,72,506,330,506,402,557,402,557,330
3960,1874,4,0,5084,383,311,41,124,383,311,383,435,424,435,424,311
3961,1874,2,0,6144,472,326,64,96,472,326,472,422,536,422,536,326
3962,1874,2,0,5292,574,324,54,98,574,324,574,422,628,422,628,324
3963,1875,4,0,6672,310,315,48,139,310,315,310,454,358,454,358,315
3964,1875,2,0,5551,552,343,61,91,552,343,552,434,613,434,613,343
3965,1875,4,0,4420,277,318,34,130,277,318,277,448,311,448,311,318
3966,1875,2,0,8453,420,330,79,107,420,330,420,437,499,437,499,330
3967,1876,2,0,4176,526,363,58,72,526,363,526,435,584,435,584,363
3968,1876,4,0,4750,527,304,50,95,527,304,527,399,577,399,577,304
3969,1876,4,0,14060,184,311,76,185,184,311,184,496,260,496,260,311
3970,1876,2,0,13524,344,330,98,138,344,330,344,468,442,468,442,330
3971,1877,2,0,7250,491,327,58,125,491,327,491,452,549,452,549,327
3972,1877,2,0,28368,207,335,144,197,207,335,207,532,351,532,351,335
3973,1877,4,0,17712,14,311,72,246,14,311,14,557,86,557,86,311
3974,1877,4,0,4982,501,294,47,106,501,294,501,400,548,400,548,294
3975,1878,2,0,51000,0,339,150,340,0,339,0,679,150,679,150,339
3976,1878,2,0,10640,441,332,80,133,441,332,441,465,521,465,521,332
3977,1878,4,0,8235,450,285,61,135,450,285,450,420,511,420,511,285
3978,1879,4,0,11388,391,288,73,156,391,288,391,444,464,444,464,288
3979,1879,2,0,14080,391,333,88,160,391,333,391,493,479,493,479,333
3980,1880,2,0,20864,296,388,128,163,296,388,296,551,424,551,424,388
3981,1880,4,0,11858,318,273,77,154,318,273,318,427,395,427,395,273
3982,1881,2,0,37846,193,351,149,254,193,351,193,605,342,605,342,351
3983,1881,4,0,32116,205,277,124,259,205,277,205,536,329,536,329,277
3984,1882,4,0,76082,3,270,218,349,3,270,3,619,221,619,221,270
3985,1882,2,0,78166,0,358,242,323,0,358,0,681,242,681,242,358
3986,1883,2,0,2048,790,329,32,64,790,329,790,393,822,393,822,329
3987,1884,2,0,7526,850,334,71,106,850,334,850,440,921,440,921,334
3988,1884,4,0,5082,856,293,42,121,856,293,856,414,898,414,898,293
3989,1885,4,0,41769,1115,259,153,273,1115,259,1115,532,1268,532,1268,259
3990,1885,4,0,4590,843,311,45,102,843,311,843,413,888,413,888,311
3991,1885,2,0,4560,844,345,57,80,844,345,844,425,901,425,901,345
3992,1886,2,0,9317,913,349,77,121,913,349,913,470,990,470,990,349
3993,1886,4,0,10863,899,295,71,153,899,295,899,448,970,448,970,295
3994,1887,4,0,41990,1130,268,130,323,1130,268,1130,591,1260,591,1260,268
3995,1887,2,0,3600,540,339,45,80,540,339,540,419,585,419,585,339
3996,1888,2,0,6784,487,338,64,106,487,338,487,444,551,444,551,338
3997,1889,2,0,10579,414,349,71,149,414,349,414,498,485,498,485,349
3998,1890,2,0,43290,197,393,195,222,197,393,197,615,392,615,392,393
3999,1891,4,0,36608,985,266,143,256,985,266,985,522,1128,522,1128,266
4000,1891,2,0,34307,977,371,169,203,977,371,977,574,1146,574,1146,371
4001,1892,2,0,20930,975,333,130,161,975,333,975,494,1105,494,1105,333
4002,1893,2,0,1855,833,333,35,53,833,333,833,386,868,386,868,333
4003,1894,2,0,8424,909,336,78,108,909,336,909,444,987,444,987,336
4004,1895,1,0,30375,997,292,243,125,997,292,997,417,1240,417,1240,292
4005,1896,1,0,30247,1077,284,203,149,1077,284,1077,433,1280,433,1280,284
4006,1897,2,0,16740,949,328,108,155,949,328,949,483,1057,483,1057,328
4007,1898,2,0,3692,814,323,52,71,814,323,814,394,866,394,866,323
4008,1899,2,0,8448,889,298,66,128,889,298,889,426,955,426,955,298
4009,1900,2,0,47163,1055,298,199,237,1055,298,1055,535,1254,535,1254,298
4010,1901,2,0,1785,786,314,35,51,786,314,786,365,821,365,821,314
4011,1902,2,0,4816,815,307,56,86,815,307,815,393,871,393,871,307
4012,1903,2,0,8740,900,320,76,115,900,320,900,435,976,435,976,320
4013,1904,2,0,55770,912,370,195,286,912,370,912,656,1107,656,1107,370
4014,1905,2,0,28644,799,331,124,231,799,331,799,562,923,562,923,331
4015,1906,2,0,12831,717,327,91,141,717,327,717,468,808,468,808,327
4016,1906,4,0,9408,724,278,64,147,724,278,724,425,788,425,788,278
4017,1907,2,0,10205,673,229,65,157,673,229,673,386,738,386,738,229
4018,1908,2,0,7080,659,203,60,118,659,203,659,321,719,321,719,203
4019,1909,2,0,4743,654,236,51,93,654,236,654,329,705,329,705,236
4020,1910,2,0,3075,657,298,41,75,657,298,657,373,698,373,698,298
4021,1911,1,0,2652,703,299,52,51,703,299,703,350,755,350,755,299
4022,1911,4,0,1656,659,298,23,72,659,298,659,370,682,370,682,298
4023,1912,1,0,3306,703,288,58,57,703,288,703,345,761,345,761,288
4024,1912,4,0,2400,656,292,30,80,656,292,656,372,686,372,686,292
4025,1913,1,0,4032,702,286,64,63,702,286,702,349,766,349,766,286
4026,1914,1,0,2900,681,307,58,50,681,307,681,357,739,357,739,307
4027,1914,4,0,3096,597,324,43,72,597,324,597,396,640,396,640,324
4028,1915,4,0,4371,560,321,47,93,560,321,560,414,607,414,607,321
4029,1915,1,0,4221,654,300,67,63,654,300,654,363,721,363,721,300
4030,1915,2,0,5168,519,338,68,76,519,338,519,414,587,414,587,338
4031,1916,1,0,4608,633,306,72,64,633,306,633,370,705,370,705,306
4032,1916,4,0,6318,513,324,54,117,513,324,513,441,567,441,567,324
4033,1916,2,0,8277,455,350,89,93,455,350,455,443,544,443,544,350
4034,1917,1,0,4020,624,310,60,67,624,310,624,377,684,377,684,310
4035,1917,4,0,9450,456,336,75,126,456,336,456,462,531,462,531,336
4036,1917,2,0,12535,375,355,109,115,375,355,375,470,484,470,484,355
4037,1918,1,0,5040,612,307,72,70,612,307,612,377,684,377,684,307
4038,1918,4,0,14678,367,330,82,179,367,330,367,509,449,509,449,330
4039,1918,2,0,28215,255,358,165,171,255,358,255,529,420,529,420,358
4040,1919,4,0,35028,229,342,139,252,229,342,229,594,368,594,368,342
4041,1919,1,0,5041,613,305,71,71,613,305,613,376,684,376,684,305
4042,1919,2,0,78118,16,365,278,281,16,365,16,646,294,646,294,365
4043,1920,2,0,35862,110,391,258,139,110,391,110,530,368,530,368,391
4044,1920,2,0,35096,192,339,214,164,192,339,192,503,406,503,406,339
4045,1920,1,0,5994,624,299,81,74,624,299,624,373,705,373,705,299
4046,1921,2,0,3072,823,320,48,64,823,320,823,384,871,384,871,320
4047,1921,1,0,5400,651,298,72,75,651,298,651,373,723,373,723,298
4048,1921,4,0,7866,353,356,57,138,353,356,353,494,410,494,410,356
4049,1921,2,0,51525,0,427,225,229,0,427,0,656,225,656,225,427
4050,1921,2,0,67584,69,327,264,256,69,327,69,583,333,583,333,327
4051,1922,2,0,3618,855,321,54,67,855,321,855,388,909,388,909,321
4052,1922,1,0,7189,665,290,79,91,665,290,665,381,744,381,744,290
4053,1923,2,0,5644,881,322,68,83,881,322,881,405,949,405,949,322
4054,1923,1,0,6560,673,298,80,82,673,298,673,380,753,380,753,298
4055,1923,4,0,28908,0,394,99,292,0,394,0,686,99,686,99,394
4056,1923,4,0,2700,458,306,30,90,458,306,458,396,488,396,488,306
4057,1924,4,0,4606,431,310,47,98,431,310,431,408,478,408,478,310
4058,1924,4,0,2967,497,343,43,69,497,343,497,412,540,412,540,343
4059,1924,1,0,7921,676,296,89,89,676,296,676,385,765,385,765,296
4060,1924,2,0,7650,924,322,75,102,924,322,924,424,999,424,999,322
4061,1924,3,0,9044,412,350,119,76,412,350,412,426,531,426,531,350
4062,1925,4,0,4488,466,347,51,88,466,347,466,435,517,435,517,347
4063,1925,1,0,7298,684,296,82,89,684,296,684,385,766,385,766,296
4064,1925,4,0,5876,381,304,52,113,381,304,381,417,433,417,433,304
4065,1925,2,0,11448,961,327,106,108,961,327,961,435,1067,435,1067,327
4066,1925,3,0,14787,334,357,159,93,334,357,334,450,493,450,493,357
4067,1926,4,0,4459,412,360,49,91,412,360,412,451,461,451,461,360
4068,1926,1,0,7917,673,302,91,87,673,302,673,389,764,389,764,302
4069,1926,2,0,20502,1019,322,134,153,1019,322,1019,475,1153,475,1153,322
4070,1926,4,0,7987,315,306,49,163,315,306,315,469,364,469,364,306
4071,1926,3,0,25781,240,361,203,127,240,361,240,488,443,488,443,361
4072,1927,2,0,32160,1120,313,160,201,1120,313,1120,514,1280,514,1280,313
4073,1927,1,0,8918,671,294,91,98,671,294,671,392,762,392,762,294
4074,1927,4,0,13700,316,367,100,137,316,367,316,504,416,504,416,367
4075,1927,4,0,12154,208,300,59,206,208,300,208,506,267,506,267,300
4076,1927,3,0,40200,84,399,268,150,84,399,84,549,352,549,352,399
4077,1928,1,0,9504,657,298,99,96,657,298,657,394,756,394,756,298
4078,1928,4,0,23056,145,396,131,176,145,396,145,572,276,572,276,396
4079,1928,4,0,29767,0,292,103,289,0,292,0,581,103,581,103,292
4080,1929,1,0,9690,659,302,102,95,659,302,659,397,761,397,761,302
4081,1930,1,0,9588,665,303,94,102,665,303,665,405,759,405,759,303
4082,1930,2,0,1890,819,332,35,54,819,332,819,386,854,386,854,332
4083,1931,1,0,9984,666,308,96,104,666,308,666,412,762,412,762,308
4084,1931,2,0,3724,848,336,49,76,848,336,848,412,897,412,897,336
4085,1932,1,0,10920,667,315,104,105,667,315,667,420,771,420,771,315
4086,1932,2,0,7920,911,342,72,110,911,342,911,452,983,452,983,342
4087,1933,1,0,11227,671,306,109,103,671,306,671,409,780,409,780,306
4088,1933,2,0,32813,1036,319,157,209,1036,319,1036,528,1193,528,1193,319
4089,1934,1,0,12426,678,285,109,114,678,285,678,399,787,399,787,285
4090,1935,1,0,12430,689,288,110,113,689,288,689,401,799,401,799,288
4091,1936,1,0,12654,694,290,114,111,694,290,694,401,808,401,808,290
4092,1937,1,0,15250,691,286,125,122,691,286,691,408,816,408,816,286
4093,1938,1,0,15250,696,287,122,125,696,287,696,412,818,412,818,287
4094,1939,1,0,15616,698,287,128,122,698,287,698,409,826,409,826,287
4095,1940,1,0,17554,695,282,131,134,695,282,695,416,826,416,826,282
4096,1940,2,0,3225,841,316,43,75,841,316,841,391,884,391,884,316
4097,1940,2,0,2655,610,320,45,59,610,320,610,379,655,379,655,320
4098,1941,2,0,7434,890,308,59,126,890,308,890,434,949,434,949,308
4099,1941,2,0,1824,606,333,32,57,606,333,606,390,638,390,638,333
4100,1941,1,0,19856,685,286,146,136,685,286,685,422,831,422,831,286
4101,1942,1,0,20286,685,281,138,147,685,281,685,428,823,428,823,281
4102,1942,2,0,3476,583,318,44,79,583,318,583,397,627,397,627,318
4103,1942,2,0,26549,1004,331,139,191,1004,331,1004,522,1143,522,1143,331
4104,1942,4,0,16605,1017,268,81,205,1017,268,1017,473,1098,473,1098,268
4105,1943,2,0,4900,567,324,50,98,567,324,567,422,617,422,617,324
4106,1943,4,0,3116,481,322,38,82,481,322,481,404,519,404,519,322
4107,1943,1,0,20286,678,284,138,147,678,284,678,431,816,431,816,284
4108,1944,4,0,8382,530,297,66,127,530,297,530,424,596,424,596,297
4109,1944,4,0,4590,434,316,45,102,434,316,434,418,479,418,479,316
4110,1944,2,0,5766,532,331,62,93,532,331,532,424,594,424,594,331
4111,1944,1,0,19320,663,280,140,138,663,280,663,418,803,418,803,280
4112,1945,4,0,9112,483,300,68,134,483,300,483,434,551,434,551,300
4113,1945,1,0,17550,645,282,130,135,645,282,645,417,775,417,775,282
4114,1945,4,0,9765,373,320,63,155,373,320,373,475,436,475,436,320
4115,1946,4,0,20604,404,287,102,202,404,287,404,489,506,489,506,287
4116,1946,4,0,17670,265,314,93,190,265,314,265,504,358,504,358,314
4117,1946,2,0,18721,409,311,97,193,409,311,409,504,506,504,506,311
4118,1946,1,0,18189,624,279,129,141,624,279,624,420,753,420,753,279
4119,1947,4,0,37401,270,278,137,273,270,278,270,551,407,551,407,278
4120,1947,4,0,32754,42,322,106,309,42,322,42,631,148,631,148,322
4121,1947,2,0,29526,271,366,133,222,271,366,271,588,404,588,404,366
4122,1947,1,0,17556,604,284,133,132,604,284,604,416,737,416,737,284
4123,1948,4,0,78208,0,245,188,416,0,245,0,661,188,661,188,245
4124,1948,1,0,14994,603,293,119,126,603,293,603,419,722,419,722,293
4125,1949,1,0,11220,630,293,102,110,630,293,630,403,732,403,732,293
4126,1950,1,0,10246,655,305,94,109,655,305,655,414,749,414,749,305
4127,1951,1,0,9191,674,310,91,101,674,310,674,411,765,411,765,310
4128,1952,1,0,9120,693,302,96,95,693,302,693,397,789,397,789,302
4129,1953,1,0,9025,700,293,95,95,700,293,700,388,795,388,795,293
4130,1954,1,0,8188,701,306,92,89,701,306,701,395,793,395,793,306
4131,1955,1,0,8008,698,300,88,91,698,300,698,391,786,391,786,300
4132,1956,1,0,8277,690,298,93,89,690,298,690,387,783,387,783,298
4133,1957,1,0,7055,680,303,85,83,680,303,680,386,765,386,765,303
4134,1958,1,0,7055,678,308,85,83,678,308,678,391,763,391,763,308
4135,1959,1,0,6400,678,310,80,80,678,310,678,390,758,390,758,310
4136,1960,1,0,6552,677,308,78,84,677,308,677,392,755,392,755,308
4137,1961,1,0,7140,670,306,84,85,670,306,670,391,754,391,754,306
4138,1962,1,0,7920,666,306,90,88,666,306,666,394,756,394,756,306
4139,1963,1,0,8190,666,301,90,91,666,301,666,392,756,392,756,301
4140,1964,1,0,7128,671,306,81,88,671,306,671,394,752,394,752,306
4141,1965,1,0,8648,662,299,92,94,662,299,662,393,754,393,754,299
4142,1966,1,0,9504,659,296,99,96,659,296,659,392,758,392,758,296
4143,1967,1,0,8742,669,303,94,93,669,303,669,396,763,396,763,303
4144,1968,1,0,10000,662,296,100,100,662,296,662,396,762,396,762,296
4145,1969,1,0,9797,664,296,97,101,664,296,664,397,761,397,761,296
4146,1970,1,0,10197,660,292,99,103,660,292,660,395,759,395,759,292
4147,1971,1,0,10815,654,293,105,103,654,293,654,396,759,396,759,293
4148,1972,1,0,8930,663,301,94,95,663,301,663,396,757,396,757,301
4149,1973,1,0,10080,658,296,96,105,658,296,658,401,754,401,754,296
4150,1974,1,0,9991,655,299,97,103,655,299,655,402,752,402,752,299
4151,1975,1,0,10815,654,299,105,103,654,299,654,402,759,402,759,299
4152,1976,1,0,10812,655,294,106,102,655,294,655,396,761,396,761,294
4153,1977,1,0,10400,658,299,104,100,658,299,658,399,762,399,762,299
4154,1978,1,0,10605,662,290,101,105,662,290,662,395,763,395,763,290
4155,1979,1,0,10300,670,298,100,103,670,298,670,401,770,401,770,298
4156,1980,1,0,10706,668,293,101,106,668,293,668,399,769,399,769,293
4157,1981,1,0,10094,666,294,98,103,666,294,666,397,764,397,764,294
4158,1982,1,0,9785,667,293,95,103,667,293,667,396,762,396,762,293
4159,1982,2,0,15900,128,344,159,100,128,344,128,444,287,444,287,344
4160,1983,1,0,9588,662,293,94,102,662,293,662,395,756,395,756,293
4161,1984,1,0,9898,658,292,98,101,658,292,658,393,756,393,756,292
4162,1985,1,0,9600,654,287,100,96,654,287,654,383,754,383,754,287
4163,1986,1,0,9405,654,298,95,99,654,298,654,397,749,397,749,298
4164,1986,2,0,1798,849,333,29,62,849,333,849,395,878,395,878,333
4165,1987,2,0,2870,898,330,35,82,898,330,898,412,933,412,933,330
4166,1987,1,0,8084,659,301,86,94,659,301,659,395,745,395,745,301
4167,1988,1,0,9120,657,301,96,95,657,301,657,396,753,396,753,301
4168,1988,2,0,9222,946,342,87,106,946,342,946,448,1033,448,1033,342
4169,1989,1,0,9494,668,294,94,101,668,294,668,395,762,395,762,294
4170,1989,2,0,24070,1078,339,145,166,1078,339,1078,505,1223,505,1223,339
4171,1990,1,0,8372,674,306,92,91,674,306,674,397,766,397,766,306
4172,1991,1,0,8360,679,302,88,95,679,302,679,397,767,397,767,302
4173,1992,1,0,9100,682,297,91,100,682,297,682,397,773,397,773,297
4174,1993,1,0,8455,679,299,89,95,679,299,679,394,768,394,768,299
4175,1994,1,0,8400,680,296,84,100,680,296,680,396,764,396,764,296
4176,1995,1,0,8277,677,306,89,93,677,306,677,399,766,399,766,306
4177,1996,1,0,8342,676,299,86,97,676,299,676,396,762,396,762,299
4178,1997,1,0,10918,662,282,103,106,662,282,662,388,765,388,765,282
4179,1998,1,0,10605,664,285,101,105,664,285,664,390,765,390,765,285
4180,1999,1,0,9579,668,295,93,103,668,295,668,398,761,398,761,295
4181,2000,1,0,9600,664,306,96,100,664,306,664,406,760,406,760,306
4182,2001,1,0,10700,661,300,100,107,661,300,661,407,761,407,761,300
4183,2002,1,0,11615,655,305,115,101,655,305,655,406,770,406,770,305
4184,2003,1,0,13456,657,283,116,116,657,283,657,399,773,399,773,283
4185,2004,1,0,13098,650,292,118,111,650,292,650,403,768,403,768,292
4186,2005,1,0,13786,647,291,122,113,647,291,647,404,769,404,769,291
4187,2005,2,0,4959,871,334,57,87,871,334,871,421,928,421,928,334
4188,2006,2,0,44526,1035,302,181,246,1035,302,1035,548,1216,548,1216,302
4189,2006,1,0,14274,640,284,117,122,640,284,640,406,757,406,757,284
4190,2007,1,0,15498,640,287,123,126,640,287,640,413,763,413,763,287
4191,2008,1,0,15500,635,286,125,124,635,286,635,410,760,410,760,286
4192,2009,1,0,16768,628,289,128,131,628,289,628,420,756,420,756,289
4193,2010,1,0,16125,633,295,125,129,633,295,633,424,758,424,758,295
4194,2011,1,0,14036,639,298,116,121,639,298,639,419,755,419,755,298
4195,2012,1,0,17145,629,293,135,127,629,293,629,420,764,420,764,293
4196,2013,1,0,16891,632,290,133,127,632,290,632,417,765,417,765,290
4197,2014,1,0,17152,628,283,128,134,628,283,628,417,756,417,756,283
4198,2015,1,0,17028,631,290,132,129,631,290,631,419,763,419,763,290
4199,2016,1,0,17290,627,291,133,130,627,291,627,421,760,421,760,291
4200,2017,1,0,18224,625,289,136,134,625,289,625,423,761,423,761,289
4201,2018,1,0,17810,622,290,137,130,622,290,622,420,759,420,759,290
4202,2019,1,0,18753,626,290,133,141,626,290,626,431,759,431,759,290
4203,2020,1,0,19043,623,290,139,137,623,290,623,427,762,427,762,290
4204,2021,1,0,19180,623,292,140,137,623,292,623,429,763,429,763,292
4205,2022,1,0,18620,628,291,133,140,628,291,628,431,761,431,761,291
4206,2023,1,0,19040,623,290,136,140,623,290,623,430,759,430,759,290
4207,2024,1,0,19180,626,280,137,140,626,280,626,420,763,420,763,280
4208,2024,1,0,8742,876,298,141,62,876,298,876,360,1017,360,1017,298
4209,2025,1,0,11200,896,293,160,70,896,293,896,363,1056,363,1056,293
4210,2025,1,0,19320,633,269,138,140,633,269,633,409,771,409,771,269
4211,2026,1,0,19176,640,273,136,141,640,273,640,414,776,414,776,273
4212,2027,1,0,18900,638,288,140,135,638,288,638,423,778,423,778,288
4213,2027,1,0,12556,960,304,172,73,960,304,960,377,1132,377,1132,304
4214,2028,1,0,19317,645,282,137,141,645,282,645,423,782,423,782,282
4215,2028,1,0,21008,1003,298,202,104,1003,298,1003,402,1205,402,1205,298
4216,2029,1,0,25878,1053,319,227,114,1053,319,1053,433,1280,433,1280,319
4217,2029,1,0,19035,644,302,135,141,644,302,644,443,779,443,779,302
4218,2030,1,0,18176,1138,296,142,128,1138,296,1138,424,1280,424,1280,296
4219,2030,1,0,18632,646,284,136,137,646,284,646,421,782,421,782,284
4220,2031,1,0,18216,648,288,138,132,648,288,648,420,786,420,786,288
4221,2032,1,0,17689,652,287,133,133,652,287,652,420,785,420,785,287
4222,2033,1,0,18632,649,290,137,136,649,290,649,426,786,426,786,290
4223,2034,1,0,18216,647,280,138,132,647,280,647,412,785,412,785,280
4224,2035,1,0,16616,651,293,134,124,651,293,651,417,785,417,785,293
4225,2036,1,0,16383,654,296,129,127,654,296,654,423,783,423,783,296
4226,2037,1,0,14508,661,305,124,117,661,305,661,422,785,422,785,305
4227,2038,1,0,13915,660,303,121,115,660,303,660,418,781,418,781,303
4228,2039,1,0,13572,658,296,116,117,658,296,658,413,774,413,774,296
4229,2040,1,0,13570,662,299,115,118,662,299,662,417,777,417,777,299
4230,2041,1,0,15250,653,284,122,125,653,284,653,409,775,409,775,284
4231,2042,1,0,14042,648,287,118,119,648,287,648,406,766,406,766,287
4232,2043,1,0,14880,648,287,124,120,648,287,648,407,772,407,772,287
4233,2044,1,0,13685,649,293,115,119,649,293,649,412,764,412,764,293
4234,2045,1,0,14500,646,289,116,125,646,289,646,414,762,414,762,289
4235,2046,1,0,13664,638,294,112,122,638,294,638,416,750,416,750,294
4236,2047,1,0,13310,638,290,110,121,638,290,638,411,748,411,748,290
4237,2048,1,0,13915,630,290,115,121,630,290,630,411,745,411,745,290
4238,2049,1,0,13328,629,294,112,119,629,294,629,413,741,413,741,294
4239,2050,1,0,13340,630,288,115,116,630,288,630,404,745,404,745,288
4240,2051,1,0,14042,633,290,118,119,633,290,633,409,751,409,751,290
4241,2052,1,0,11970,644,300,105,114,644,300,644,414,749,414,749,300
4242,2053,1,0,12084,645,302,106,114,645,302,645,416,751,416,751,302
4243,2054,1,0,12198,646,295,107,114,646,295,646,409,753,409,753,295
4244,2055,1,0,11766,643,298,106,111,643,298,643,409,749,409,749,298
4245,2056,1,0,12992,635,297,116,112,635,297,635,409,751,409,751,297
4246,2057,1,0,13455,630,297,117,115,630,297,630,412,747,412,747,297
4247,2058,1,0,12765,630,299,115,111,630,299,630,410,745,410,745,299
4248,2059,1,0,11960,631,295,115,104,631,295,631,399,746,399,746,295
4249,2060,1,0,12430,633,289,113,110,633,289,633,399,746,399,746,289
4250,2061,1,0,11978,633,297,113,106,633,297,633,403,746,403,746,297
4251,2062,1,0,12995,637,303,113,115,637,303,637,418,750,418,750,303
4252,2063,1,0,11664,646,301,108,108,646,301,646,409,754,409,754,301
4253,2064,1,0,11340,651,293,105,108,651,293,651,401,756,401,756,293
4254,2065,1,0,11663,660,298,107,109,660,298,660,407,767,407,767,298
4255,2066,1,0,9800,671,300,100,98,671,300,671,398,771,398,771,300
4256,2067,1,0,10388,678,294,98,106,678,294,678,400,776,400,776,294
4257,2068,1,0,10296,679,299,104,99,679,299,679,398,783,398,783,299
4258,2069,1,0,10608,681,293,102,104,681,293,681,397,783,397,783,293
4259,2069,1,0,11160,210,308,155,72,210,308,210,380,365,380,365,308
4260,2070,1,0,10815,681,290,105,103,681,290,681,393,786,393,786,290
4261,2070,1,0,14931,148,298,189,79,148,298,148,377,337,377,337,298
4262,2071,1,0,19350,66,292,215,90,66,292,66,382,281,382,281,292
4263,2071,1,0,12312,672,286,114,108,672,286,672,394,786,394,786,286
4264,2072,1,0,10609,672,292,103,103,672,292,672,395,775,395,775,292
4265,2073,1,0,9894,669,305,97,102,669,305,669,407,766,407,766,305
4266,2074,1,0,11130,666,306,106,105,666,306,666,411,772,411,772,306
4267,2075,1,0,10608,664,304,102,104,664,304,664,408,766,408,766,304
4268,2076,1,0,9118,670,303,94,97,670,303,670,400,764,400,764,303
4269,2077,1,0,8827,672,298,91,97,672,298,672,395,763,395,763,298
4270,2078,2,0,1230,745,316,30,41,745,316,745,357,775,357,775,316
4271,2079,1,0,10918,661,291,103,106,661,291,661,397,764,397,764,291
4272,2080,1,0,9800,659,295,100,98,659,295,659,393,759,393,759,295
4273,2081,1,0,9797,653,298,97,101,653,298,653,399,750,399,750,298
4274,2082,1,0,9312,650,304,97,96,650,304,650,400,747,400,747,304
4275,2082,2,0,33227,238,365,223,149,238,365,238,514,461,514,461,365
4276,2083,1,0,9792,650,283,96,102,650,283,650,385,746,385,746,283
4277,2084,1,0,9880,651,282,95,104,651,282,651,386,746,386,746,282
4278,2085,1,0,9504,652,300,96,99,652,300,652,399,748,399,748,300
4279,2085,4,0,14626,70,369,71,206,70,369,70,575,141,575,141,369
4280,2086,1,0,9078,657,305,102,89,657,305,657,394,759,394,759,305
4281,2087,1,0,9120,670,300,96,95,670,300,670,395,766,395,766,300
4282,2088,1,0,8536,683,309,97,88,683,309,683,397,780,397,780,309
4283,2089,2,0,1456,764,308,28,52,764,308,764,360,792,360,792,308
4284,2090,1,0,8928,684,310,96,93,684,310,684,403,780,403,780,310
4285,2091,1,0,8835,681,298,93,95,681,298,681,393,774,393,774,298
4286,2092,1,0,8640,672,300,96,90,672,300,672,390,768,390,768,300
4287,2093,1,0,8648,660,300,94,92,660,300,660,392,754,392,754,300
4288,2094,1,0,8190,656,300,90,91,656,300,656,391,746,391,746,300
4289,2094,2,0,2135,809,326,35,61,809,326,809,387,844,387,844,326
4290,2095,1,0,8740,647,301,95,92,647,301,647,393,742,393,742,301
4291,2095,2,0,3570,844,321,42,85,844,321,844,406,886,406,886,321
4292,2096,1,0,8184,645,299,88,93,645,299,645,392,733,392,733,299
4293,2096,2,0,18315,937,331,111,165,937,331,937,496,1048,496,1048,331
4294,2097,1,0,9216,638,295,96,96,638,295,638,391,734,391,734,295
4295,2098,1,0,8722,639,298,98,89,639,298,639,387,737,387,737,298
4296,2099,1,0,7912,651,290,86,92,651,290,651,382,737,382,737,290
4297,2100,2,0,3053,771,312,43,71,771,312,771,383,814,383,814,312
4298,2101,1,0,8372,657,296,92,91,657,296,657,387,749,387,749,296
4299,2102,1,0,7990,666,292,85,94,666,292,666,386,751,386,751,292
4300,2103,1,0,8188,667,298,92,89,667,298,667,387,759,387,759,298
4301,2104,1,0,7310,672,300,86,85,672,300,672,385,758,385,758,300
4302,2105,1,0,7310,674,303,85,86,674,303,674,389,759,389,759,303
4303,2106,1,0,7482,671,301,87,86,671,301,671,387,758,387,758,301
4304,2107,1,0,6241,668,309,79,79,668,309,668,388,747,388,747,309
4305,2108,1,0,6630,662,301,78,85,662,301,662,386,740,386,740,301
4306,2109,1,0,6480,654,302,81,80,654,302,654,382,735,382,735,302
4307,2109,2,0,6860,441,362,70,98,441,362,441,460,511,460,511,362
4308,2110,1,0,5846,648,301,79,74,648,301,648,375,727,375,727,301
4309,2110,2,0,17160,353,342,104,165,353,342,353,507,457,507,457,342
4310,2111,2,0,4760,793,324,56,85,793,324,793,409,849,409,849,324
4311,2112,1,0,7308,638,300,87,84,638,300,638,384,725,384,725,300
4312,2112,2,0,36120,192,379,168,215,192,379,192,594,360,594,360,379
4313,2113,1,0,6396,641,303,82,78,641,303,641,381,723,381,723,303
4314,2114,1,0,5320,639,306,76,70,639,306,639,376,715,376,715,306
4315,2115,2,0,1650,829,344,30,55,829,344,829,399,859,399,859,344
4316,2115,1,0,5467,644,309,77,71,644,309,644,380,721,380,721,309
4317,2116,1,0,5767,648,301,73,79,648,301,648,380,721,380,721,301
4318,2116,2,0,5510,864,330,58,95,864,330,864,425,922,425,922,330
4319,2117,2,0,11659,941,327,89,131,941,327,941,458,1030,458,1030,327
4320,2117,1,0,5776,656,298,76,76,656,298,656,374,732,374,732,298
4321,2118,2,0,30615,1057,331,157,195,1057,331,1057,526,1214,526,1214,331
4322,2118,1,0,5040,660,297,70,72,660,297,660,369,730,369,730,297
4323,2119,1,0,5112,664,295,71,72,664,295,664,367,735,367,735,295
4324,2120,1,0,5254,665,305,74,71,665,305,665,376,739,376,739,305
4325,2121,1,0,4340,674,301,62,70,674,301,674,371,736,371,736,301
4326,2122,2,0,9828,846,302,78,126,846,302,846,428,924,428,924,302
4327,2123,1,0,4489,672,300,67,67,672,300,672,367,739,367,739,300
4328,2124,1,0,3968,676,300,62,64,676,300,676,364,738,364,738,300
4329,2125,1,0,3600,681,302,60,60,681,302,681,362,741,362,741,302
4330,2126,1,0,3717,684,302,59,63,684,302,684,365,743,365,743,302
4331,2127,1,0,2550,703,304,50,51,703,304,703,355,753,355,753,304
4332,2128,1,0,3078,727,304,57,54,727,304,727,358,784,358,784,304
4333,2129,1,0,2912,789,306,56,52,789,306,789,358,845,358,845,306
4334,2130,2,0,2109,1051,318,37,57,1051,318,1051,375,1088,375,1088,318
4335,2130,1,0,2900,875,305,58,50,875,305,875,355,933,355,933,305
4336,2131,2,0,43018,990,298,157,274,990,298,990,572,1147,572,1147,298
4337,2132,3,0,4235,821,320,55,77,821,320,821,397,876,397,876,320
4338,2133,3,0,6528,849,377,68,96,849,377,849,473,917,473,917,377
4339,2134,3,0,9462,875,428,83,114,875,428,875,542,958,542,958,428
4340,2135,3,0,13158,906,392,102,129,906,392,906,521,1008,521,1008,392
4341,2136,3,0,20264,948,352,136,149,948,352,948,501,1084,501,1084,352
4342,2137,2,0,2346,779,254,34,69,779,254,779,323,813,323,813,254
4343,2137,3,0,37515,999,286,205,183,999,286,999,469,1204,469,1204,286
4344,2138,3,0,49536,1088,317,192,258,1088,317,1088,575,1280,575,1280,317
4345,2138,2,0,6264,795,270,58,108,795,270,795,378,853,378,853,270
4346,2139,2,0,9174,833,308,66,139,833,308,833,447,899,447,899,308
4347,2140,2,0,25466,888,323,119,214,888,323,888,537,1007,537,1007,323
4348,2140,4,0,11312,906,278,56,202,906,278,906,480,962,480,962,278
4349,2141,4,0,75141,1046,261,207,363,1046,261,1046,624,1253,624,1253,261
4350,2141,2,0,72657,1036,361,243,299,1036,361,1036,660,1279,660,1279,361
4351,2142,2,0,2223,765,327,39,57,765,327,765,384,804,384,804,327
4352,2143,2,0,3672,786,330,51,72,786,330,786,402,837,402,837,330
4353,2144,2,0,4851,825,323,49,99,825,323,825,422,874,422,874,323
4354,2145,2,0,14111,869,343,103,137,869,343,869,480,972,480,972,343
4355,2146,4,0,66096,1034,237,204,324,1034,237,1034,561,1238,561,1238,237
4356,2146,2,0,78912,998,363,274,288,998,363,998,651,1272,651,1272,363
4357,2147,4,0,8532,881,304,79,108,881,304,881,412,960,412,960,304
4358,2148,4,0,9400,956,285,94,100,956,285,956,385,1050,385,1050,285
4359,2148,3,0,7938,905,314,63,126,905,314,905,440,968,440,968,314
4360,2149,3,0,18616,953,303,104,179,953,303,953,482,1057,482,1057,303
4361,2149,4,0,15912,1050,270,104,153,1050,270,1050,423,1154,423,1154,270
4362,2150,3,0,53594,1044,310,211,254,1044,310,1044,564,1255,564,1255,310
4363,2151,1,0,4028,561,311,106,38,561,311,561,349,667,349,667,311
4364,2152,2,0,1782,767,326,33,54,767,326,767,380,800,380,800,326
4365,2153,2,0,2244,778,321,34,66,778,321,778,387,812,387,812,321
4366,2154,2,0,4692,795,321,51,92,795,321,795,413,846,413,846,321
4367,2155,1,0,5060,545,307,115,44,545,307,545,351,660,351,660,307
4368,2156,2,0,8125,819,306,65,125,819,306,819,431,884,431,884,306
4369,2157,2,0,11850,881,302,75,158,881,302,881,460,956,460,956,302
4370,2158,2,0,41910,989,324,165,254,989,324,989,578,1154,578,1154,324
4371,2158,4,0,21714,990,269,77,282,990,269,990,551,1067,551,1067,269
4372,2159,1,0,6419,525,300,131,49,525,300,525,349,656,349,656,300
4373,2160,1,0,6987,515,297,137,51,515,297,515,348,652,348,652,297
4374,2161,1,0,7685,499,291,145,53,499,291,499,344,644,344,644,291
4375,2162,4,0,3948,530,314,47,84,530,314,530,398,577,398,577,314
4376,2163,4,0,4356,505,313,44,99,505,313,505,412,549,412,549,313
4377,2164,4,0,5616,466,315,48,117,466,315,466,432,514,432,514,315
4378,2165,4,0,9520,404,323,68,140,404,323,404,463,472,463,472,323
4379,2166,4,0,24120,284,320,120,201,284,320,284,521,404,521,404,320
4380,2167,4,0,40125,74,292,107,375,74,292,74,667,181,667,181,292
4381,2168,1,0,9344,494,283,146,64,494,283,494,347,640,347,640,283
4382,2169,1,0,11016,463,282,162,68,463,282,463,350,625,350,625,282
4383,2170,2,0,10624,895,348,83,128,895,348,895,476,978,476,978,348
4384,2170,4,0,9906,909,297,78,127,909,297,909,424,987,424,987,297
4385,2171,4,0,32186,1027,284,121,266,1027,284,1027,550,1148,550,1148,284
4386,2171,2,0,29328,1030,381,141,208,1030,381,1030,589,1171,589,1171,381
4387,2172,1,0,12060,426,290,180,67,426,290,426,357,606,357,606,290
4388,2173,1,0,13440,421,289,168,80,421,289,421,369,589,369,589,289
4389,2174,1,0,21681,350,284,219,99,350,284,350,383,569,383,569,284
4390,2175,2,0,3003,779,316,39,77,779,316,779,393,818,393,818,316
4391,2176,2,0,6710,807,306,55,122,807,306,807,428,862,428,862,306
4392,2177,2,0,19352,861,320,118,164,861,320,861,484,979,484,979,320
4393,2177,4,0,11102,877,269,61,182,877,269,877,451,938,451,938,269
4394,2178,4,0,53360,1091,242,145,368,1091,242,1091,610,1236,610,1236,242
4395,2178,2,0,73185,1025,361,255,287,1025,361,1025,648,1280,648,1280,361
4396,2179,1,0,24276,304,280,238,102,304,280,304,382,542,382,542,280
4397,2180,1,0,23086,265,290,238,97,265,290,265,387,503,387,503,290
4398,2181,2,0,1150,771,334,25,46,771,334,771,380,796,380,796,334
4399,2182,2,0,2730,794,332,39,70,794,332,794,402,833,402,833,332
4400,2183,2,0,9009,837,333,77,117,837,333,837,450,914,450,914,333
4401,2184,2,0,42108,976,335,174,242,976,335,976,577,1150,577,1150,335
4402,2185,1,0,30894,171,285,271,114,171,285,171,399,442,399,442,285
4403,2186,1,0,49155,44,275,339,145,44,275,44,420,383,420,383,275
4404,2187,1,0,58280,0,263,310,188,0,263,0,451,310,451,310,263
4405,2188,2,0,3120,863,312,48,65,863,312,863,377,911,377,911,312
4406,2189,2,0,6768,841,343,72,94,841,343,841,437,913,437,913,343
4407,2189,2,0,3696,552,329,48,77,552,329,552,406,600,406,600,329
4408,2189,2,0,3431,517,321,47,73,517,321,517,394,564,394,564,321
4409,2190,2,0,12200,877,356,100,122,877,356,877,478,977,478,977,356
4410,2191,2,0,10998,475,345,94,117,475,345,475,462,569,462,569,345
4411,2191,2,0,31328,949,360,176,178,949,360,949,538,1125,538,1125,360
4412,2192,2,0,12516,420,357,84,149,420,357,420,506,504,506,504,357
4413,2192,2,0,9928,371,348,73,136,371,348,371,484,444,484,444,348
4414,2193,2,0,6120,884,320,72,85,884,320,884,405,956,405,956,320
4415,2194,2,0,32571,253,381,141,231,253,381,253,612,394,612,394,381
4416,2194,2,0,21615,244,368,131,165,244,368,244,533,375,533,375,368
4417,2195,3,0,10218,899,331,78,131,899,331,899,462,977,462,977,331
4418,2196,3,0,21423,997,332,111,193,997,332,997,525,1108,525,1108,332
4419,2197,2,0,13056,972,324,96,136,972,324,972,460,1068,460,1068,324
4420,2197,4,0,7102,975,280,53,134,975,280,975,414,1028,414,1028,280
4421,2198,2,0,14520,343,361,132,110,343,361,343,471,475,471,475,361
4422,2199,2,0,42680,186,354,220,194,186,354,186,548,406,548,406,354
4423,2200,3,0,14835,387,354,115,129,387,354,387,483,502,483,502,354
4424,2201,2,0,3780,791,330,45,84,791,330,791,414,836,414,836,330
4425,2202,2,0,8875,827,334,71,125,827,334,827,459,898,459,898,334
4426,2203,4,0,29532,916,280,138,214,916,280,916,494,1054,494,1054,280
4427,2203,2,0,28368,919,358,144,197,919,358,919,555,1063,555,1063,358
4428,2204,2,0,9600,837,348,80,120,837,348,837,468,917,468,917,348
4429,2204,4,0,6700,856,300,50,134,856,300,856,434,906,434,906,300
4430,2205,4,0,9504,959,295,66,144,959,295,959,439,1025,439,1025,295
4431,2205,2,0,25258,913,355,146,173,913,355,913,528,1059,528,1059,355
4432,2205,4,0,14006,1049,330,94,149,1049,330,1049,479,1143,479,1143,330
4433,2206,1,0,22763,321,273,221,103,321,273,321,376,542,376,542,273
4434,2207,1,0,35912,238,262,268,134,238,262,238,396,506,396,506,262
4435,2208,1,0,56440,163,244,332,170,163,244,163,414,495,414,495,244
4436,2209,1,0,81301,68,219,389,209,68,219,68,428,457,428,457,219
4437,2210,1,0,104076,0,200,413,252,0,200,0,452,413,452,413,200
4438,2211,1,0,118736,0,130,328,362,0,130,0,492,328,492,328,130
4439,2212,4,0,6096,1039,302,48,127,1039,302,1039,429,1087,429,1087,302
4440,2213,4,0,13720,1206,281,70,196,1206,281,1206,477,1276,477,1276,281
4441,2214,4,0,4558,862,300,43,106,862,300,862,406,905,406,905,300
4442,2214,2,0,4144,790,320,56,74,790,320,790,394,846,394,846,320
4443,2215,4,0,5040,890,312,48,105,890,312,890,417,938,417,938,312
4444,2215,2,0,5445,814,320,55,99,814,320,814,419,869,419,869,320
4445,2216,4,0,6026,940,308,46,131,940,308,940,439,986,439,986,308
4446,2216,2,0,7632,835,321,72,106,835,321,835,427,907,427,907,321
4447,2217,4,0,10048,976,310,64,157,976,310,976,467,1040,467,1040,310
4448,2217,2,0,11070,857,331,90,123,857,331,857,454,947,454,947,331
4449,2218,4,0,23326,1060,296,107,218,1060,296,1060,514,1167,514,1167,296
4450,2218,2,0,20088,889,323,124,162,889,323,889,485,1013,485,1013,323
4451,2219,2,0,34398,948,349,182,189,948,349,948,538,1130,538,1130,349
4452,2220,2,0,74168,1026,351,254,292,1026,351,1026,643,1280,643,1280,351
4453,2221,1,0,27972,96,298,259,108,96,298,96,406,355,406,355,298
4454,2222,4,0,5376,482,317,48,112,482,317,482,429,530,429,530,317
4455,2223,4,0,7854,405,328,66,119,405,328,405,447,471,447,471,328
4456,2224,4,0,22200,267,328,111,200,267,328,267,528,378,528,378,328
4457,2224,3,0,25116,259,402,182,138,259,402,259,540,441,540,441,402
4458,2225,2,0,1760,706,324,32,55,706,324,706,379,738,379,738,324
4459,2226,2,0,1836,702,327,34,54,702,327,702,381,736,381,736,327
4460,2227,2,0,1372,687,320,28,49,687,320,687,369,715,369,715,320
4461,2228,2,0,946,683,338,22,43,683,338,683,381,705,381,705,338
4462,2229,2,0,1288,677,336,28,46,677,336,677,382,705,382,705,336
4463,2230,2,0,1998,738,325,37,54,738,325,738,379,775,379,775,325
4464,2230,2,0,1887,662,331,37,51,662,331,662,382,699,382,699,331
4465,2231,2,0,1829,765,330,31,59,765,330,765,389,796,389,796,330
4466,2231,2,0,1500,669,327,25,60,669,327,669,387,694,387,694,327
4467,2232,2,0,1890,664,329,30,63,664,329,664,392,694,392,694,329
4468,2232,2,0,4182,781,328,51,82,781,328,781,410,832,410,832,328
4469,2233,2,0,2849,648,324,37,77,648,324,648,401,685,401,685,324
4470,2233,2,0,5766,822,345,62,93,822,345,822,438,884,438,884,345
4471,2234,2,0,24700,891,336,130,190,891,336,891,526,1021,526,1021,336
4472,2234,2,0,2010,647,321,30,67,647,321,647,388,677,388,677,321
4473,2235,2,0,1750,679,321,35,50,679,321,679,371,714,371,714,321
4474,2235,2,0,1378,616,321,26,53,616,321,616,374,642,374,642,321
4475,2236,2,0,2700,707,318,36,75,707,318,707,393,743,393,743,318
4476,2237,2,0,4416,750,319,46,96,750,319,750,415,796,415,796,319
4477,2237,2,0,2301,600,325,39,59,600,325,600,384,639,384,639,325
4478,2238,2,0,13837,821,342,101,137,821,342,821,479,922,479,922,342
4479,2238,4,0,8160,832,288,48,170,832,288,832,458,880,458,880,288
4480,2239,2,0,1792,574,320,32,56,574,320,574,376,606,376,606,320
4481,2239,4,0,44548,1081,270,172,259,1081,270,1081,529,1253,529,1253,270
4482,2239,2,0,63675,1055,382,225,283,1055,382,1055,665,1280,665,1280,382
4483,2240,2,0,1392,567,311,24,58,567,311,567,369,591,369,591,311
4484,2241,2,0,1798,552,302,31,58,552,302,552,360,583,360,583,302
4485,2242,2,0,1728,544,328,32,54,544,328,544,382,576,382,576,328
4486,2243,2,0,1269,550,334,27,47,550,334,550,381,577,381,577,334
4487,2244,2,0,1066,562,333,26,41,562,333,562,374,588,374,588,333
4488,2245,2,0,2072,569,324,37,56,569,324,569,380,606,380,606,324
4489,2246,2,0,1664,649,343,32,52,649,343,649,395,681,395,681,343
4490,2247,2,0,1829,659,328,31,59,659,328,659,387,690,387,690,328
4491,2248,2,0,2376,679,329,36,66,679,329,679,395,715,395,715,329
4492,2249,2,0,1620,692,328,30,54,692,328,692,382,722,382,722,328
4493,2250,2,0,1568,721,337,28,56,721,337,721,393,749,393,749,337
4494,2251,2,0,1380,727,342,30,46,727,342,727,388,757,388,757,342
4495,2252,2,0,2345,708,327,35,67,708,327,708,394,743,394,743,327
4496,2253,2,0,2993,678,322,41,73,678,322,678,395,719,395,719,322
4497,2254,2,0,3655,640,315,43,85,640,315,640,400,683,400,683,315
4498,2255,2,0,3034,637,328,41,74,637,328,637,402,678,402,678,328
4499,2256,2,0,3450,606,355,46,75,606,355,606,430,652,430,652,355
4500,2256,4,0,3042,611,311,39,78,611,311,611,389,650,389,650,311
4501,2257,2,0,4200,594,352,50,84,594,352,594,436,644,436,644,352
4502,2258,4,0,5665,570,308,55,103,570,308,570,411,625,411,625,308
4503,2258,2,0,3724,580,363,49,76,580,363,580,439,629,439,629,363
4504,2259,2,0,7920,556,342,66,120,556,342,556,462,622,462,622,342
4505,2260,2,0,9869,528,333,71,139,528,333,528,472,599,472,599,333
4506,2261,2,0,11560,464,358,85,136,464,358,464,494,549,494,549,358
4507,2261,4,0,8784,482,309,61,144,482,309,482,453,543,453,543,309
4508,2262,4,0,14364,422,312,84,171,422,312,422,483,506,483,506,312
4509,2262,2,0,18857,408,365,109,173,408,365,408,538,517,538,517,365
4510,2263,4,0,28659,334,294,123,233,334,294,334,527,457,527,457,294
4511,2263,2,0,29468,330,370,139,212,330,370,330,582,469,582,469,370
4512,2264,4,0,59015,192,281,185,319,192,281,192,600,377,600,377,281
4513,2264,2,0,49368,204,392,187,264,204,392,204,656,391,656,391,392
4514,2265,2,0,4264,824,318,52,82,824,318,824,400,876,400,876,318
4515,2266,2,0,5778,769,300,54,107,769,300,769,407,823,407,823,300
4516,2267,2,0,11748,822,327,89,132,822,327,822,459,911,459,911,327
4517,2268,2,0,36186,920,346,163,222,920,346,920,568,1083,568,1083,346
4518,2268,4,0,30816,921,279,144,214,921,279,921,493,1065,493,1065,279
4519,2268,2,0,5610,830,319,55,102,830,319,830,421,885,421,885,319
4520,2269,2,0,12288,862,338,96,128,862,338,862,466,958,466,958,338
4521,2269,4,0,8100,865,277,60,135,865,277,865,412,925,412,925,277
4522,2270,2,0,39498,934,355,174,227,934,355,934,582,1108,582,1108,355
4523,2270,4,0,19320,955,253,92,210,955,253,955,463,1047,463,1047,253
4524,2271,2,0,34350,982,312,150,229,982,312,982,541,1132,541,1132,312
4525,2272,2,0,28812,891,354,147,196,891,354,891,550,1038,550,1038,354
4526,2273,4,0,28980,972,338,126,230,972,338,972,568,1098,568,1098,338
4527,2273,2,0,90246,980,339,267,338,980,339,980,677,1247,677,1247,339
4528,2274,4,0,4141,506,357,41,101,506,357,506,458,547,458,547,357
4529,2274,4,0,10824,443,318,66,164,443,318,443,482,509,482,509,318
4530,2275,4,0,18450,358,325,90,205,358,325,358,530,448,530,448,325
4531,2275,4,0,7076,461,369,58,122,461,369,461,491,519,491,519,369
4532,2276,4,0,41529,225,311,127,327,225,311,225,638,352,638,352,311
4533,2276,4,0,9362,396,389,62,151,396,389,396,540,458,540,458,389
4534,2277,4,0,27966,241,401,118,237,241,401,241,638,359,638,359,401
4535,2278,4,0,24600,977,285,123,200,977,285,977,485,1100,485,1100,285
4536,2278,2,0,26703,984,341,129,207,984,341,984,548,1113,548,1113,341
4537,2278,2,0,7772,926,329,67,116,926,329,926,445,993,445,993,329
4538,2279,4,0,9576,1160,340,63,152,1160,340,1160,492,1223,492,1223,340
4539,2279,4,0,10640,998,270,70,152,998,270,998,422,1068,422,1068,270
4540,2279,2,0,23370,989,334,123,190,989,334,989,524,1112,524,1112,334
4541,2280,2,0,17864,866,343,116,154,866,343,866,497,982,497,982,343
4542,2281,2,0,30660,955,365,146,210,955,365,955,575,1101,575,1101,365
4543,2282,2,0,12528,853,337,87,144,853,337,853,481,940,481,940,337
4544,2282,4,0,10872,834,294,72,151,834,294,834,445,906,445,906,294
4545,2283,2,0,38540,924,346,164,235,924,346,924,581,1088,581,1088,346
4546,2283,4,0,21800,920,279,100,218,920,279,920,497,1020,497,1020,279
4547,2284,4,0,3784,530,306,44,86,530,306,530,392,574,392,574,306
4548,2284,4,0,4704,833,289,42,112,833,289,833,401,875,401,875,289
4549,2284,2,0,7469,814,325,77,97,814,325,814,422,891,422,891,325
4550,2284,2,0,4712,524,333,62,76,524,333,524,409,586,409,586,333
4551,2285,4,0,28084,604,256,119,236,604,256,604,492,723,492,723,256
4552,2285,2,0,20601,614,342,109,189,614,342,614,531,723,531,723,342
4553,2286,1,0,163618,843,250,434,377,843,250,843,627,1277,627,1277,250
4554,2287,1,0,210600,680,243,600,351,680,243,680,594,1280,594,1280,243
4555,2288,1,0,184782,558,273,618,299,558,273,558,572,1176,572,1176,273
4556,2289,1,0,164080,445,290,586,280,445,290,445,570,1031,570,1031,290
4557,2290,2,0,78795,0,365,255,309,0,365,0,674,255,674,255,365
4558,2291,4,0,44720,982,235,130,344,982,235,982,579,1112,579,1112,235
4559,2291,2,0,9776,767,306,94,104,767,306,767,410,861,410,861,306
4560,2291,4,0,7038,150,328,46,153,150,328,150,481,196,481,196,328
4561,2291,4,0,4092,1232,274,44,93,1232,274,1232,367,1276,367,1276,274
4562,2291,2,0,6324,1207,309,62,102,1207,309,1207,411,1269,411,1269,309
4563,2291,1,0,12480,1070,242,120,104,1070,242,1070,346,1190,346,1190,242
4564,2292,4,0,55500,1028,211,150,370,1028,211,1028,581,1178,581,1178,211
4565,2292,2,0,10137,771,299,93,109,771,299,771,408,864,408,864,299
4566,2292,4,0,9750,167,359,78,125,167,359,167,484,245,484,245,359
4567,2292,4,0,6716,128,317,46,146,128,317,128,463,174,463,174,317
4568,2292,2,0,5760,1174,312,64,90,1174,312,1174,402,1238,402,1238,312
4569,2293,1,0,12240,804,268,144,85,804,268,804,353,948,353,948,268
4570,2293,4,0,59943,1108,213,159,377,1108,213,1108,590,1267,590,1267,213
4571,2293,2,0,9486,773,312,102,93,773,312,773,405,875,405,875,312
4572,2293,1,0,11074,1082,241,98,113,1082,241,1082,354,1180,354,1180,241
4573,2294,2,0,4576,1206,324,52,88,1206,324,1206,412,1258,412,1258,324
4574,2294,2,0,11682,761,298,99,118,761,298,761,416,860,416,860,298
4575,2294,2,0,3212,1121,304,44,73,1121,304,1121,377,1165,377,1165,304
4576,2294,1,0,14740,1085,238,134,110,1085,238,1085,348,1219,348,1219,238
4577,2295,2,0,11900,760,300,100,119,760,300,760,419,860,419,860,300
4578,2295,2,0,4988,1160,309,58,86,1160,309,1160,395,1218,395,1218,309
4579,2295,2,0,3213,1093,304,51,63,1093,304,1093,367,1144,367,1144,304
4580,2295,2,0,1768,1035,295,34,52,1035,295,1035,347,1069,347,1069,295
4581,2295,1,0,16074,1087,239,141,114,1087,239,1087,353,1228,353,1228,239
4582,2295,1,0,12784,801,263,136,94,801,263,801,357,937,357,937,263
4583,2296,2,0,12584,750,302,104,121,750,302,750,423,854,423,854,302
4584,2296,2,0,4158,1121,308,54,77,1121,308,1121,385,1175,385,1175,308
4585,2296,2,0,2838,1075,304,43,66,1075,304,1075,370,1118,370,1118,304
4586,2296,1,0,17284,1091,241,149,116,1091,241,1091,357,1240,357,1240,241
4587,2296,1,0,15336,791,258,142,108,791,258,791,366,933,366,933,258
4588,2297,1,0,13875,738,308,111,125,738,308,738,433,849,433,849,308
4589,2297,1,0,18444,1090,249,159,116,1090,249,1090,365,1249,365,1249,249
4590,2297,2,0,3431,1086,310,47,73,1086,310,1086,383,1133,383,1133,310
4591,2297,2,0,2379,1057,306,39,61,1057,306,1057,367,1096,367,1096,306
4592,2298,3,0,4408,528,292,38,116,528,292,528,408,566,408,566,292
4593,2299,3,0,5928,478,320,57,104,478,320,478,424,535,424,535,320
4594,2299,4,0,1008,567,318,24,42,567,318,567,360,591,360,591,318
4595,2300,4,0,11174,397,284,74,151,397,284,397,435,471,435,471,284
4596,2300,3,0,12087,397,320,79,153,397,320,397,473,476,473,476,320
4597,2301,4,0,28652,240,276,116,247,240,276,240,523,356,523,356,276
4598,2301,4,0,1612,513,343,31,52,513,343,513,395,544,395,544,343
4599,2301,3,0,28509,233,365,129,221,233,365,233,586,362,586,362,365
4600,2302,4,0,2624,466,351,32,82,466,351,466,433,498,433,498,351
4601,2303,4,0,4559,406,362,47,97,406,362,406,459,453,459,453,362
4602,2304,4,0,8928,314,375,62,144,314,375,314,519,376,519,376,375
4603,2305,4,0,17255,115,426,85,203,115,426,115,629,200,629,200,426
4604,2306,2,0,1876,695,319,28,67,695,319,695,386,723,386,723,319
4605,2306,2,0,3318,838,311,42,79,838,311,838,390,880,390,880,311
4606,2307,4,0,7906,417,313,59,134,417,313,417,447,476,447,476,313
4607,2308,4,0,15210,269,305,78,195,269,305,269,500,347,500,347,305
4608,2309,1,0,2162,727,302,46,47,727,302,727,349,773,349,773,302
4609,2309,2,0,2196,788,314,36,61,788,314,788,375,824,375,824,314
4610,2310,3,0,3655,861,325,43,85,861,325,861,410,904,410,904,325
4611,2311,3,0,7695,937,322,57,135,937,322,937,457,994,457,994,322
4612,2312,2,0,1740,626,331,29,60,626,331,626,391,655,391,655,331
4613,2312,3,0,4524,528,345,52,87,528,345,528,432,580,432,580,345
4614,2312,2,0,3120,776,330,48,65,776,330,776,395,824,395,824,330
4615,2313,3,0,26880,1104,358,140,192,1104,358,1104,550,1244,550,1244,358
4616,2313,4,0,18357,1119,282,87,211,1119,282,1119,493,1206,493,1206,282
4617,2314,2,0,1860,614,323,30,62,614,323,614,385,644,385,644,323
4618,2314,2,0,3478,804,334,47,74,804,334,804,408,851,408,851,334
4619,2314,3,0,9348,482,344,82,114,482,344,482,458,564,458,564,344
4620,2314,4,0,5775,504,306,55,105,504,306,504,411,559,411,559,306
4621,2315,2,0,1764,702,325,28,63,702,325,702,388,730,388,730,325
4622,2315,2,0,7680,869,299,64,120,869,299,869,419,933,419,933,299
4623,2316,3,0,11050,430,356,85,130,430,356,430,486,515,486,515,356
4624,2316,2,0,10890,838,324,90,121,838,324,838,445,928,445,928,324
4625,2316,2,0,1643,599,332,31,53,599,332,599,385,630,385,630,332
4626,2316,4,0,9462,458,296,57,166,458,296,458,462,515,462,515,296
4627,2317,2,0,25168,939,345,143,176,939,345,939,521,1082,521,1082,345
4628,2317,2,0,1920,585,321,30,64,585,321,585,385,615,385,615,321
4629,2317,2,0,936,741,329,24,39,741,329,741,368,765,368,765,329
4630,2317,4,0,13770,959,265,81,170,959,265,959,435,1040,435,1040,265
4631,2317,3,0,25071,327,355,137,183,327,355,327,538,464,538,464,355
4632,2317,4,0,17248,378,294,77,224,378,294,378,518,455,518,455,294
4633,2318,2,0,1274,758,329,26,49,758,329,758,378,784,378,784,329
4634,2318,2,0,1920,582,324,32,60,582,324,582,384,614,384,614,324
4635,2318,2,0,800,721,324,20,40,721,324,721,364,741,364,741,324
4636,2318,3,0,51597,149,382,189,273,149,382,149,655,338,655,338,382
4637,2318,4,0,38512,232,283,116,332,232,283,232,615,348,615,348,283
4638,2319,2,0,16072,179,349,164,98,179,349,179,447,343,447,343,349
4639,2319,2,0,1888,582,327,32,59,582,327,582,386,614,386,614,327
4640,2319,2,0,3920,783,325,49,80,783,325,783,405,832,405,832,325
4641,2319,2,0,1650,729,328,33,50,729,328,729,378,762,378,762,328
4642,2320,1,0,1178,637,294,31,38,637,294,637,332,668,332,668,294
4643,2321,2,0,25350,89,345,195,130,89,345,89,475,284,475,284,345
4644,2321,2,0,6820,842,318,62,110,842,318,842,428,904,428,904,318
4645,2321,2,0,2574,589,330,39,66,589,330,589,396,628,396,628,330
4646,2321,2,0,2205,752,329,45,49,752,329,752,378,797,378,797,329
4647,2322,1,0,1935,652,277,43,45,652,277,652,322,695,322,695,277
4648,2323,1,0,1978,654,289,43,46,654,289,654,335,697,335,697,289
4649,2324,1,0,2288,646,288,52,44,646,288,646,332,698,332,698,288
4650,2325,1,0,2340,641,308,52,45,641,308,641,353,693,353,693,308
4651,2325,2,0,735,793,320,21,35,793,320,793,355,814,355,814,320
4652,2326,1,0,3306,633,296,57,58,633,296,633,354,690,354,690,296
4653,2327,2,0,2077,840,313,31,67,840,313,840,380,871,380,871,313
4654,2327,1,0,4588,618,293,74,62,618,293,618,355,692,355,692,293
4655,2328,2,0,5500,893,304,55,100,893,304,893,404,948,404,948,304
4656,2328,1,0,5329,620,284,73,73,620,284,620,357,693,357,693,284
4657,2329,1,0,5254,605,294,74,71,605,294,605,365,679,365,679,294
4658,2329,2,0,17402,1003,329,113,154,1003,329,1003,483,1116,483,1116,329
4659,2329,4,0,14694,1005,258,79,186,1005,258,1005,444,1084,444,1084,258
4660,2330,2,0,1800,612,322,30,60,612,322,612,382,642,382,642,322
4661,2330,2,0,2280,803,331,38,60,803,331,803,391,841,391,841,331
4662,2330,2,0,19488,951,326,116,168,951,326,951,494,1067,494,1067,326
4663,2330,4,0,10512,960,276,72,146,960,276,960,422,1032,422,1032,276
4664,2330,2,0,25403,0,373,191,133,0,373,0,506,191,506,191,373
4665,2331,1,0,7553,587,285,91,83,587,285,587,368,678,368,678,285
4666,2332,1,0,10000,559,292,100,100,559,292,559,392,659,392,659,292
4667,2333,1,0,12100,512,302,121,100,512,302,512,402,633,402,633,302
4668,2334,1,0,17157,467,304,133,129,467,304,467,433,600,433,600,304
4669,2335,1,0,27040,409,285,169,160,409,285,409,445,578,445,578,285
4670,2336,1,0,37180,322,297,220,169,322,297,322,466,542,466,542,297
4671,2337,1,0,76719,187,299,321,239,187,299,187,538,508,538,508,299
4672,2338,1,0,149943,0,256,453,331,0,256,0,587,453,587,453,256
4673,2339,1,0,188082,1,195,387,486,1,195,1,681,388,681,388,195
4674,2340,2,0,1708,629,324,28,61,629,324,629,385,657,385,657,324
4675,2340,2,0,4731,856,329,57,83,856,329,856,412,913,412,913,329
4676,2341,2,0,1898,860,330,26,73,860,330,860,403,886,403,886,330
4677,2342,4,0,3675,896,289,49,75,896,289,896,364,945,364,945,289
4678,2342,2,0,4240,895,338,53,80,895,338,895,418,948,418,948,338
4679,2343,2,0,16640,974,326,104,160,974,326,974,486,1078,486,1078,326
4680,2343,4,0,11476,992,276,76,151,992,276,992,427,1068,427,1068,276
4681,2344,2,0,8112,947,343,78,104,947,343,947,447,1025,447,1025,343
4682,2344,2,0,2145,642,323,33,65,642,323,642,388,675,388,675,323
4683,2344,4,0,8308,955,283,67,124,955,283,955,407,1022,407,1022,283
4684,2345,2,0,2952,810,308,36,82,810,308,810,390,846,390,846,308
4685,2346,2,0,10212,891,303,74,138,891,303,891,441,965,441,965,303
4686,2347,2,0,1749,645,334,33,53,645,334,645,387,678,387,678,334
4687,2347,2,0,35325,1123,349,157,225,1123,349,1123,574,1280,574,1280,349
4688,2347,4,0,37530,1133,253,135,278,1133,253,1133,531,1268,531,1268,253
4689,2348,2,0,1581,816,327,31,51,816,327,816,378,847,378,847,327
4690,2349,2,0,2814,845,335,42,67,845,335,845,402,887,402,887,335
4691,2350,2,0,6670,906,312,58,115,906,312,906,427,964,427,964,312
4692,2351,2,0,2379,643,332,39,61,643,332,643,393,682,393,682,332
4693,2352,2,0,27904,1034,309,128,218,1034,309,1034,527,1162,527,1162,309
4694,2353,2,0,2310,698,324,35,66,698,324,698,390,733,390,733,324
4695,2353,2,0,16308,928,324,108,151,928,324,928,475,1036,475,1036,324
4696,2353,4,0,9982,936,273,62,161,936,273,936,434,998,434,998,273
4697,2354,2,0,3182,639,326,43,74,639,326,639,400,682,400,682,326
4698,2355,2,0,4930,843,328,58,85,843,328,843,413,901,413,901,328
4699,2356,2,0,14111,939,342,103,137,939,342,939,479,1042,479,1042,342
4700,2357,2,0,3456,634,322,48,72,634,322,634,394,682,394,682,322
4701,2358,2,0,2992,630,322,44,68,630,322,630,390,674,390,674,322
4702,2359,2,0,2728,626,325,44,62,626,325,626,387,670,387,670,325
4703,2360,2,0,3870,617,321,45,86,617,321,617,407,662,407,662,321
4704,2361,1,0,51460,961,265,310,166,961,265,961,431,1271,431,1271,265
4705,2362,1,0,47430,1001,302,279,170,1001,302,1001,472,1280,472,1280,302
4706,2363,2,0,4635,612,297,45,103,612,297,612,400,657,400,657,297
4707,2364,2,0,1728,778,295,32,54,778,295,778,349,810,349,810,295
4708,2365,2,0,3818,613,315,46,83,613,315,613,398,659,398,659,315
4709,2366,2,0,1325,798,293,25,53,798,293,798,346,823,346,823,293
4710,2367,2,0,3136,801,290,49,64,801,290,801,354,850,354,850,290
4711,2368,2,0,2112,822,291,33,64,822,291,822,355,855,355,855,291
4712,2369,2,0,3120,839,282,39,80,839,282,839,362,878,362,878,282
4713,2370,2,0,4704,869,281,48,98,869,281,869,379,917,379,917,281
4714,2371,2,0,9940,924,277,71,140,924,277,924,417,995,417,995,277
4715,2372,4,0,5888,1005,231,64,92,1005,231,1005,323,1069,323,1069,231
4716,2372,2,0,18170,994,276,115,158,994,276,994,434,1109,434,1109,276
4717,2373,4,0,9381,402,351,53,177,402,351,402,528,455,528,455,351
4718,2374,4,0,24592,267,375,106,232,267,375,267,607,373,607,373,375
4719,2375,4,0,37884,0,383,132,287,0,383,0,670,132,670,132,383
4720,2376,2,0,5280,635,329,55,96,635,329,635,425,690,425,690,329
4721,2376,2,0,595,929,323,17,35,929,323,929,358,946,358,946,323
4722,2377,2,0,5301,640,329,57,93,640,329,640,422,697,422,697,329
4723,2378,4,0,6435,658,294,55,117,658,294,658,411,713,411,713,294
4724,2378,2,0,6018,650,323,59,102,650,323,650,425,709,425,709,323
4725,2379,2,0,4743,914,327,51,93,914,327,914,420,965,420,965,327
4726,2380,2,0,7144,653,334,76,94,653,334,653,428,729,428,729,334
4727,2380,4,0,6270,664,293,57,110,664,293,664,403,721,403,721,293
4728,2381,2,0,20125,1023,326,115,175,1023,326,1023,501,1138,501,1138,326
4729,2381,4,0,12810,1032,278,70,183,1032,278,1032,461,1102,461,1102,278
4730,2382,2,0,10912,865,324,88,124,865,324,865,448,953,448,953,324
4731,2383,2,0,6630,654,332,65,102,654,332,654,434,719,434,719,332
4732,2383,4,0,6365,661,295,67,95,661,295,661,390,728,390,728,295
4733,2384,4,0,3321,467,346,41,81,467,346,467,427,508,427,508,346
4734,2384,4,0,3154,442,338,38,83,442,338,442,421,480,421,480,338
4735,2384,3,0,5913,437,363,73,81,437,363,437,444,510,444,510,363
4736,2385,4,0,5194,411,359,49,106,411,359,411,465,460,465,460,359
4737,2385,4,0,6477,375,340,51,127,375,340,375,467,426,467,426,340
4738,2385,3,0,10434,360,396,111,94,360,396,360,490,471,490,471,396
4739,2386,4,0,20790,232,335,90,231,232,335,232,566,322,566,322,335
4740,2387,2,0,3570,817,330,51,70,817,330,817,400,868,400,868,330
4741,2388,2,0,1710,765,323,30,57,765,323,765,380,795,380,795,323
4742,2388,2,0,12510,902,326,90,139,902,326,902,465,992,465,992,326
4743,2389,2,0,6006,659,359,77,78,659,359,659,437,736,437,736,359
4744,2389,4,0,10608,664,282,78,136,664,282,664,418,742,418,742,282
4745,2389,2,0,4300,980,311,50,86,980,311,980,397,1030,397,1030,311
4746,2390,4,0,9301,674,288,71,131,674,288,674,419,745,419,745,288
4747,2390,2,0,7076,1053,318,61,116,1053,318,1053,434,1114,434,1114,318
4748,2390,2,0,8132,667,337,76,107,667,337,667,444,743,444,743,337
4749,2391,2,0,1620,762,327,27,60,762,327,762,387,789,387,789,327
4750,2391,2,0,2553,814,332,37,69,814,332,814,401,851,401,851,332
4751,2392,2,0,3827,808,312,43,89,808,312,808,401,851,401,851,312
4752,2392,2,0,8580,874,323,78,110,874,323,874,433,952,433,952,323
4753,2393,2,0,6014,867,346,62,97,867,346,867,443,929,443,929,346
4754,2393,2,0,29484,1031,358,162,182,1031,358,1031,540,1193,540,1193,358
4755,2394,4,0,30277,1007,266,137,221,1007,266,1007,487,1144,487,1144,266
4756,2394,2,0,35397,1001,342,171,207,1001,342,1001,549,1172,549,1172,342
4757,2395,4,0,9443,681,289,71,133,681,289,681,422,752,422,752,289
4758,2395,2,0,6512,674,356,74,88,674,356,674,444,748,444,748,356
4759,2395,2,0,21700,1156,330,124,175,1156,330,1156,505,1280,505,1280,330
4760,2395,4,0,15170,1183,265,74,205,1183,265,1183,470,1257,470,1257,265
4761,2396,2,0,10458,300,362,126,83,300,362,300,445,426,445,426,362
4762,2397,2,0,23370,119,374,205,114,119,374,119,488,324,488,324,374
4763,2398,2,0,1920,694,322,30,64,694,322,694,386,724,386,724,322
4764,2399,4,0,7812,672,286,63,124,672,286,672,410,735,410,735,286
4765,2399,2,0,7770,672,333,70,111,672,333,672,444,742,444,742,333
4766,2400,2,0,7030,656,355,74,95,656,355,656,450,730,450,730,355
4767,2400,4,0,9514,663,285,71,134,663,285,663,419,734,419,734,285
4768,2401,2,0,7866,852,335,69,114,852,335,852,449,921,449,921,335
4769,2402,4,0,39270,1073,277,154,255,1073,277,1073,532,1227,532,1227,277
4770,2402,2,0,54998,1066,349,214,257,1066,349,1066,606,1280,606,1280,349
4771,2403,2,0,17510,619,293,103,170,619,293,619,463,722,463,722,293
4772,2404,2,0,1568,755,324,32,49,755,324,755,373,787,373,787,324
4773,2405,2,0,1457,779,327,31,47,779,327,779,374,810,374,810,327
4774,2405,2,0,6887,1050,358,97,71,1050,358,1050,429,1147,429,1147,358
4775,2406,2,0,12768,1127,351,133,96,1127,351,1127,447,1260,447,1260,351
4776,2406,2,0,2013,825,326,33,61,825,326,825,387,858,387,858,326
4777,2407,2,0,9430,910,349,82,115,910,349,910,464,992,464,992,349
4778,2407,4,0,7104,925,296,48,148,925,296,925,444,973,444,973,296
4779,2408,2,0,12510,592,334,90,139,592,334,592,473,682,473,682,334
4780,2408,4,0,14329,589,269,89,161,589,269,589,430,678,430,678,269
4781,2409,2,0,26316,927,326,129,204,927,326,927,530,1056,530,1056,326
4782,2410,2,0,22035,531,288,113,195,531,288,531,483,644,483,644,288
4783,2411,2,0,24747,478,281,113,219,478,281,478,500,591,500,591,281
4784,2412,2,0,29670,399,279,129,230,399,279,399,509,528,509,528,279
4785,2413,2,0,6664,918,334,68,98,918,334,918,432,986,432,986,334
4786,2414,2,0,36279,285,315,139,261,285,315,285,576,424,576,424,315
4787,2415,2,0,1504,850,331,32,47,850,331,850,378,882,378,882,331
4788,2416,2,0,3996,900,336,54,74,900,336,900,410,954,410,954,336
4789,2417,2,0,24354,1018,294,123,198,1018,294,1018,492,1141,492,1141,294
4790,2418,4,0,48597,187,269,167,291,187,269,187,560,354,560,354,269
4791,2418,2,0,49776,167,363,183,272,167,363,167,635,350,635,350,363
4792,2419,2,0,1161,789,325,27,43,789,325,789,368,816,368,816,325
4793,2420,2,0,2331,814,327,37,63,814,327,814,390,851,390,851,327
4794,2421,2,0,6141,861,330,69,89,861,330,861,419,930,419,930,330
4795,2422,2,0,26264,1021,335,134,196,1021,335,1021,531,1155,531,1155,335
4796,2423,4,0,79450,11,253,227,350,11,253,11,603,238,603,238,253
4797,2423,2,0,74254,0,400,274,271,0,400,0,671,274,671,274,400
4798,2424,2,0,2016,682,322,32,63,682,322,682,385,714,385,714,322
4799,2425,1,0,3953,660,296,67,59,660,296,660,355,727,355,727,296
4800,2426,1,0,4800,674,292,75,64,674,292,674,356,749,356,749,292
4801,2427,1,0,6230,683,288,89,70,683,288,683,358,772,358,772,288
4802,2428,1,0,7161,700,301,93,77,700,301,700,378,793,378,793,301
4803,2429,2,0,1323,799,329,27,49,799,329,799,378,826,378,826,329
4804,2430,2,0,6272,836,326,64,98,836,326,836,424,900,424,900,326
4805,2431,4,0,29072,962,274,158,184,962,274,962,458,1120,458,1120,274
4806,2431,2,0,33292,971,336,164,203,971,336,971,539,1135,539,1135,336
4807,2432,2,0,11622,456,334,78,149,456,334,456,483,534,483,534,334
4808,2432,4,0,17195,448,286,95,181,448,286,448,467,543,467,543,286
4809,2433,2,0,19422,403,340,117,166,403,340,403,506,520,506,520,340
4810,2434,2,0,27984,331,341,132,212,331,341,331,553,463,553,463,341
4811,2435,2,0,41600,242,345,160,260,242,345,242,605,402,605,402,345
4812,2435,4,0,41448,256,282,157,264,256,282,256,546,413,546,413,282
4813,2436,4,0,54417,125,283,187,291,125,283,125,574,312,574,312,283
4814,2436,2,0,72285,83,364,237,305,83,364,83,669,320,669,320,364
4815,2437,4,0,70455,0,277,183,385,0,277,0,662,183,662,183,277
4816,2438,2,0,3120,1159,315,39,80,1159,315,1159,395,1198,395,1198,315
4817,2439,2,0,14910,951,333,105,142,951,333,951,475,1056,475,1056,333
4818,2440,2,0,7904,428,320,104,76,428,320,428,396,532,396,532,320
4819,2441,2,0,13872,364,318,136,102,364,318,364,420,500,420,500,318
4820,2442,2,0,24318,248,324,193,126,248,324,248,450,441,450,441,324
4821,2443,2,0,69235,0,316,305,227,0,316,0,543,305,543,305,316
4822,2444,2,0,1922,762,318,31,62,762,318,762,380,793,380,793,318
4823,2445,1,0,2448,754,312,51,48,754,312,754,360,805,360,805,312
4824,2445,1,0,9701,1031,290,109,89,1031,290,1031,379,1140,379,1140,290
4825,2446,1,0,3968,757,301,64,62,757,301,757,363,821,363,821,301
4826,2446,1,0,17792,1140,268,139,128,1140,268,1140,396,1279,396,1279,268
4827,2447,1,0,4416,776,304,64,69,776,304,776,373,840,373,840,304
4828,2448,1,0,6873,785,290,79,87,785,290,785,377,864,377,864,290
4829,2449,2,0,3108,811,322,37,84,811,322,811,406,848,406,848,322
4830,2450,1,0,7308,812,306,87,84,812,306,812,390,899,390,899,306
4831,2451,1,0,12360,828,298,120,103,828,298,828,401,948,401,948,298
4832,2452,1,0,17835,858,291,145,123,858,291,858,414,1003,414,1003,291
4833,2452,1,0,9860,368,307,145,68,368,307,368,375,513,375,513,307
4834,2453,1,0,34104,899,268,203,168,899,268,899,436,1102,436,1102,268
4835,2453,1,0,11270,322,308,161,70,322,308,322,378,483,378,483,308
4836,2454,1,0,77452,961,218,289,268,961,218,961,486,1250,486,1250,218
4837,2454,1,0,12802,276,309,173,74,276,309,276,383,449,383,449,309
4838,2455,1,0,66200,1080,246,200,331,1080,246,1080,577,1280,577,1280,246
4839,2455,1,0,19224,185,296,216,89,185,296,185,385,401,385,401,296
4840,2456,1,0,26160,101,293,218,120,101,293,101,413,319,413,319,293
4841,2457,1,0,31496,0,289,254,124,0,289,0,413,254,413,254,289
4842,2458,2,0,2479,785,324,37,67,785,324,785,391,822,391,822,324
4843,2459,2,0,8023,836,312,71,113,836,312,836,425,907,425,907,312
4844,2460,2,0,30992,980,347,149,208,980,347,980,555,1129,555,1129,347
4845,2460,2,0,2911,790,325,41,71,790,325,790,396,831,396,831,325
4846,2461,2,0,8280,855,319,69,120,855,319,855,439,924,439,924,319
4847,2462,3,0,22113,118,337,189,117,118,337,118,454,307,454,307,337
4848,2462,4,0,8255,200,297,65,127,200,297,200,424,265,424,265,297
4849,2463,2,0,39952,1061,341,176,227,1061,341,1061,568,1237,568,1237,341
4850,2464,2,0,1961,841,339,37,53,841,339,841,392,878,392,878,339
4851,2464,2,0,12288,999,327,128,96,999,327,999,423,1127,423,1127,327
4852,2464,2,0,6048,906,320,72,84,906,320,906,404,978,404,978,320
4853,2465,2,0,4134,877,328,53,78,877,328,877,406,930,406,930,328
4854,2465,2,0,7760,985,329,80,97,985,329,985,426,1065,426,1065,329
4855,2465,4,0,6705,992,282,45,149,992,282,992,431,1037,431,1037,282
4856,2465,2,0,21042,1109,325,167,126,1109,325,1109,451,1276,451,1276,325
4857,2466,4,0,14768,1119,262,71,208,1119,262,1119,470,1190,470,1190,262
4858,2466,2,0,22785,1089,323,147,155,1089,323,1089,478,1236,478,1236,323
4859,2466,2,0,8888,928,330,88,101,928,330,928,431,1016,431,1016,330
4860,2467,2,0,19328,1007,321,128,151,1007,321,1007,472,1135,472,1135,321
4861,2468,1,0,2303,681,297,47,49,681,297,681,346,728,346,728,297
4862,2469,2,0,40120,874,334,170,236,874,334,874,570,1044,570,1044,334
4863,2469,4,0,32802,882,270,142,231,882,270,882,501,1024,501,1024,270
4864,2469,1,0,7728,545,323,92,84,545,323,545,407,637,407,637,323
4865,2469,4,0,8448,482,319,66,128,482,319,482,447,548,447,548,319
4866,2469,2,0,8988,1047,347,84,107,1047,347,1047,454,1131,454,1131,347
4867,2469,4,0,6552,1073,321,52,126,1073,321,1073,447,1125,447,1125,321
4868,2469,2,0,9963,477,383,81,123,477,383,477,506,558,506,558,383
4869,2470,1,0,2068,553,323,44,47,553,323,553,370,597,370,597,323
4870,2470,1,0,1638,619,329,42,39,619,329,619,368,661,368,661,329
4871,2470,1,0,171010,1,220,349,490,1,220,1,710,350,710,350,220
4872,2470,2,0,693,696,339,21,33,696,339,696,372,717,372,717,339
4873,2470,2,0,6272,796,338,64,98,796,338,796,436,860,436,860,338
4874,2471,2,0,720,716,338,20,36,716,338,716,374,736,374,736,338
4875,2471,1,0,1444,629,326,38,38,629,326,629,364,667,364,667,326
4876,2471,2,0,2208,585,340,48,46,585,340,585,386,633,386,633,340
4877,2471,2,0,11398,879,336,82,139,879,336,879,475,961,475,961,336
4878,2471,1,0,2408,554,313,43,56,554,313,554,369,597,369,597,313
4879,2472,2,0,1696,856,320,32,53,856,320,856,373,888,373,888,320
4880,2472,2,0,1260,643,327,28,45,643,327,643,372,671,372,671,327
4881,2473,2,0,684,789,333,19,36,789,333,789,369,808,369,808,333
4882,2473,2,0,989,521,366,23,43,521,366,521,409,544,409,544,366
4883,2473,4,0,29304,1065,262,132,222,1065,262,1065,484,1197,484,1197,262
4884,2473,1,0,5329,591,305,73,73,591,305,591,378,664,378,664,305
4885,2473,2,0,38190,1058,330,190,201,1058,330,1058,531,1248,531,1248,330
4886,2473,2,0,1736,483,352,31,56,483,352,483,408,514,408,514,352
4887,2473,2,0,2080,846,326,40,52,846,326,846,378,886,378,886,326
4888,2473,2,0,2832,681,325,48,59,681,325,681,384,729,384,729,325
4889,2474,1,0,29502,882,278,198,149,882,278,882,427,1080,427,1080,278
4890,2474,1,0,2668,755,313,58,46,755,313,755,359,813,359,813,313
4891,2475,1,0,3976,776,306,71,56,776,306,776,362,847,362,847,306
4892,2475,1,0,500,706,319,25,20,706,319,706,339,731,339,731,319
4893,2475,1,0,82236,972,230,308,267,972,230,972,497,1280,497,1280,230
4894,2476,1,0,6300,812,312,90,70,812,312,812,382,902,382,902,312
4895,2477,1,0,20538,859,277,163,126,859,277,859,403,1022,403,1022,277
4896,2478,1,0,79236,994,225,284,279,994,225,994,504,1278,504,1278,225
4897,2479,2,0,1683,878,335,33,51,878,335,878,386,911,386,911,335
4898,2479,2,0,1296,502,368,27,48,502,368,502,416,529,416,529,368
4899,2479,1,0,6084,591,306,78,78,591,306,591,384,669,384,669,306
4900,2479,2,0,1196,805,336,26,46,805,336,805,382,831,382,831,336
4901,2479,2,0,2907,681,326,51,57,681,326,681,383,732,383,732,326
4902,2479,2,0,2320,460,363,40,58,460,363,460,421,500,421,500,363
4903,2480,2,0,3402,892,317,42,81,892,317,892,398,934,398,934,317
4904,2480,2,0,2812,836,323,37,76,836,323,836,399,873,399,873,323
4905,2480,2,0,1836,700,329,34,54,700,329,700,383,734,383,734,329
4906,2480,1,0,6636,579,305,79,84,579,305,579,389,658,389,658,305
4907,2480,2,0,3431,429,362,47,73,429,362,429,435,476,435,476,362
4908,2480,2,0,3525,471,362,47,75,471,362,471,437,518,437,518,362
4909,2481,2,0,4080,917,327,48,85,917,327,917,412,965,412,965,327
4910,2481,1,0,8811,569,302,89,99,569,302,569,401,658,401,658,302
4911,2481,2,0,2091,697,333,41,51,697,333,697,384,738,384,738,333
4912,2481,2,0,3796,864,342,52,73,864,342,864,415,916,415,916,342
4913,2481,2,0,962,757,329,26,37,757,329,757,366,783,366,783,329
4914,2481,4,0,6016,436,323,47,128,436,323,436,451,483,451,483,323
4915,2481,2,0,4590,384,369,51,90,384,369,384,459,435,459,435,369
4916,2481,2,0,4312,428,383,56,77,428,383,428,460,484,460,484,383
4917,2482,4,0,6540,722,288,60,109,722,288,722,397,782,397,782,288
4918,2483,4,0,4841,694,305,47,103,694,305,694,408,741,408,741,305
4919,2484,1,0,8008,706,319,91,88,706,319,706,407,797,407,797,319
4920,2484,1,0,2288,817,327,52,44,817,327,817,371,869,371,869,327
4921,2484,2,0,5251,957,331,89,59,957,331,957,390,1046,390,1046,331
4922,2484,2,0,3108,681,360,42,74,681,360,681,434,723,434,723,360
4923,2484,2,0,7644,618,385,78,98,618,385,618,483,696,483,696,385
4924,2484,3,0,13843,1153,318,127,109,1153,318,1153,427,1280,427,1280,318
4925,2485,2,0,2200,691,336,44,50,691,336,691,386,735,386,735,336
4926,2485,4,0,9039,935,304,69,131,935,304,935,435,1004,435,1004,304
4927,2485,2,0,10179,930,348,87,117,930,348,930,465,1017,465,1017,348
4928,2485,1,0,11236,544,304,106,106,544,304,544,410,650,410,650,304
4929,2485,2,0,10500,323,379,100,105,323,379,323,484,423,484,423,379
4930,2485,4,0,10920,360,321,70,156,360,321,360,477,430,477,430,321
4931,2486,1,0,1702,808,311,46,37,808,311,808,348,854,348,854,311
4932,2486,4,0,5985,657,300,45,133,657,300,657,433,702,433,702,300
4933,2487,4,0,5500,632,313,44,125,632,313,632,438,676,438,676,313
4934,2487,1,0,1155,823,311,35,33,823,311,823,344,858,344,858,311
4935,2488,1,0,1680,825,307,48,35,825,307,825,342,873,342,873,307
4936,2488,4,0,12210,561,296,74,165,561,296,561,461,635,461,635,296
4937,2489,4,0,13860,501,300,77,180,501,300,501,480,578,480,578,300
4938,2489,1,0,1596,832,305,42,38,832,305,832,343,874,343,874,305
4939,2490,1,0,1230,839,308,41,30,839,308,839,338,880,338,880,308
4940,2490,4,0,20651,417,314,107,193,417,314,417,507,524,507,524,314
4941,2491,1,0,1134,847,317,42,27,847,317,847,344,889,344,889,317
4942,2491,4,0,32258,284,302,127,254,284,302,284,556,411,556,411,302
4943,2492,4,0,42744,86,307,137,312,86,307,86,619,223,619,223,307
4944,2493,4,0,38760,1098,271,152,255,1098,271,1098,526,1250,526,1250,271
4945,2493,2,0,1305,755,331,29,45,755,331,755,376,784,376,784,331
4946,2493,2,0,7998,979,330,62,129,979,330,979,459,1041,459,1041,330
4947,2493,2,0,2438,670,342,46,53,670,342,670,395,716,395,716,342
4948,2493,2,0,43120,1104,353,176,245,1104,353,1104,598,1280,598,1280,353
4949,2493,4,0,8710,985,295,65,134,985,295,985,429,1050,429,1050,295
4950,2493,4,0,18616,248,332,104,179,248,332,248,511,352,511,352,332
4951,2493,2,0,11760,228,413,98,120,228,413,228,533,326,533,326,413
4952,2493,1,0,15624,507,298,124,126,507,298,507,424,631,424,631,298
4953,2494,2,0,945,762,336,21,45,762,336,762,381,783,381,783,336
4954,2494,2,0,4225,640,341,65,65,640,341,640,406,705,406,705,341
4955,2494,2,0,12927,1027,334,93,139,1027,334,1027,473,1120,473,1120,334
4956,2494,4,0,6987,1041,287,51,137,1041,287,1041,424,1092,424,1092,287
4957,2494,1,0,21726,468,294,142,153,468,294,468,447,610,447,610,294
4958,2494,2,0,31320,63,393,145,216,63,393,63,609,208,609,208,393
4959,2495,1,0,2401,685,321,49,49,685,321,685,370,734,370,734,321
4960,2495,4,0,37632,992,239,147,256,992,239,992,495,1139,495,1139,239
4961,2495,2,0,40906,1006,369,181,226,1006,369,1006,595,1187,595,1187,369
4962,2495,1,0,18176,813,249,128,142,813,249,813,391,941,391,941,249
4963,2496,2,0,28968,885,326,142,204,885,326,885,530,1027,530,1027,326
4964,2496,1,0,2115,681,324,47,45,681,324,681,369,728,369,728,324
4965,2496,1,0,36200,838,216,200,181,838,216,838,397,1038,397,1038,216
4966,2496,4,0,20352,890,257,106,192,890,257,890,449,996,449,996,257
4967,2497,1,0,121204,894,129,386,314,894,129,894,443,1280,443,1280,129
4968,2497,1,0,1620,682,316,45,36,682,316,682,352,727,352,727,316
4969,2497,4,0,9699,838,265,53,183,838,265,838,448,891,448,891,265
4970,2497,2,0,19140,814,326,116,165,814,326,814,491,930,491,930,326
4971,2498,2,0,11696,857,330,86,136,857,330,857,466,943,466,943,330
4972,2498,1,0,70965,269,261,285,249,269,261,269,510,554,510,554,261
4973,2498,4,0,5474,868,284,46,119,868,284,868,403,914,403,914,284
4974,2499,1,0,5440,604,323,80,68,604,323,604,391,684,391,684,323
4975,2500,1,0,5508,610,321,81,68,610,321,610,389,691,389,691,321
4976,2501,1,0,6248,621,324,88,71,621,324,621,395,709,395,709,324
4977,2502,1,0,5984,623,324,88,68,623,324,623,392,711,392,711,324
4978,2503,1,0,5460,643,322,84,65,643,322,643,387,727,387,727,322
4979,2504,1,0,5780,648,320,85,68,648,320,648,388,733,388,733,320
4980,2505,1,0,235708,5,170,487,484,5,170,5,654,492,654,492,170
4981,2505,2,0,2376,510,345,36,66,510,345,510,411,546,411,546,345
4982,2505,1,0,3212,695,323,73,44,695,323,695,367,768,367,768,323
4983,2506,1,0,6468,595,322,84,77,595,322,595,399,679,399,679,322
4984,2507,1,0,7520,589,318,94,80,589,318,589,398,683,398,683,318
4985,2508,1,0,7031,596,316,89,79,596,316,596,395,685,395,685,316
4986,2508,1,0,1536,705,312,48,32,705,312,705,344,753,344,753,312
4987,2509,2,0,2244,846,327,34,66,846,327,846,393,880,393,880,327
4988,2509,1,0,2200,711,319,50,44,711,319,711,363,761,363,761,319
4989,2509,1,0,7209,598,329,89,81,598,329,598,410,687,410,687,329
4990,2510,1,0,7426,636,322,94,79,636,322,636,401,730,401,730,322
4991,2510,1,0,10670,790,292,110,97,790,292,790,389,900,389,900,292
4992,2511,1,0,8200,647,319,100,82,647,319,647,401,747,401,747,319
4993,2511,1,0,27115,836,273,187,145,836,273,836,418,1023,418,1023,273
4994,2512,1,0,7917,663,312,91,87,663,312,663,399,754,399,754,312
4995,2512,1,0,118374,953,210,327,362,953,210,953,572,1280,572,1280,210
4996,2513,1,0,7134,661,319,87,82,661,319,661,401,748,401,748,319
4997,2514,2,0,2146,598,339,37,58,598,339,598,397,635,397,635,339
4998,2514,1,0,8178,695,316,94,87,695,316,695,403,789,403,789,316
4999,2514,2,0,7797,628,373,69,113,628,373,628,486,697,486,697,373
5000,2514,4,0,7884,640,285,54,146,640,285,640,431,694,431,694,285
5001,2514,1,0,3360,820,320,56,60,820,320,820,380,876,380,876,320
5002,2514,2,0,7524,956,326,99,76,956,326,956,402,1055,402,1055,326
5003,2514,4,0,2945,936,309,31,95,936,309,936,404,967,404,967,309
5004,2514,3,0,11776,1188,311,92,128,1188,311,1188,439,1280,439,1280,311
5005,2515,1,0,7380,660,314,90,82,660,314,660,396,750,396,750,314
5006,2516,1,0,7315,652,314,95,77,652,314,652,391,747,391,747,314
5007,2517,1,0,6825,645,315,91,75,645,315,645,390,736,390,736,315
5008,2517,1,0,1672,751,312,44,38,751,312,751,350,795,350,795,312
5009,2518,1,0,5727,645,326,83,69,645,326,645,395,728,395,728,326
5010,2518,1,0,3294,754,306,61,54,754,306,754,360,815,360,815,306
5011,2519,1,0,6552,632,318,91,72,632,318,632,390,723,390,723,318
5012,2519,1,0,4352,759,290,68,64,759,290,759,354,827,354,827,290
5013,2520,1,0,5976,640,318,83,72,640,318,640,390,723,390,723,318
5014,2520,1,0,5888,787,278,64,92,787,278,787,370,851,370,851,278
5015,2521,1,0,6364,632,315,86,74,632,315,632,389,718,389,718,315
5016,2521,1,0,13552,791,263,121,112,791,263,791,375,912,375,912,263
5017,2522,1,0,6688,635,318,88,76,635,318,635,394,723,394,723,318
5018,2522,1,0,26425,826,259,175,151,826,259,826,410,1001,410,1001,259
5019,2523,1,0,6248,634,317,88,71,634,317,634,388,722,388,722,317
5020,2523,1,0,73038,886,236,329,222,886,236,886,458,1215,458,1215,236
5021,2524,1,0,6624,632,316,92,72,632,316,632,388,724,388,724,316
5022,2525,1,0,4080,675,320,68,60,675,320,675,380,743,380,743,320
5023,2525,2,0,4872,624,318,58,84,624,318,624,402,682,402,682,318
5024,2525,2,0,5700,467,338,50,114,467,338,467,452,517,452,517,338
5025,2525,2,0,11781,214,377,77,153,214,377,214,530,291,530,291,377
5026,2525,4,0,12600,179,322,60,210,179,322,179,532,239,532,239,322
5027,2525,2,0,5280,895,320,60,88,895,320,895,408,955,408,955,320
5028,2525,1,0,2346,727,320,69,34,727,320,727,354,796,354,796,320
5029,2526,1,0,7125,633,323,95,75,633,323,633,398,728,398,728,323
5030,2527,1,0,6348,630,319,92,69,630,319,630,388,722,388,722,319
5031,2528,1,0,6992,639,323,92,76,639,323,639,399,731,399,731,323
5032,2529,1,0,6873,650,318,87,79,650,318,650,397,737,397,737,318
5033,2530,1,0,6512,652,313,88,74,652,313,652,387,740,387,740,313
5034,2531,1,0,6716,654,324,92,73,654,324,654,397,746,397,746,324
5035,2532,1,0,6177,658,318,87,71,658,318,658,389,745,389,745,318
5036,2533,1,0,6734,659,314,91,74,659,314,659,388,750,388,750,314
5037,2534,1,0,6424,657,319,88,73,657,319,657,392,745,392,745,319
5038,2535,1,0,6603,655,325,93,71,655,325,655,396,748,396,748,325
5039,2536,2,0,13332,993,320,101,132,993,320,993,452,1094,452,1094,320
5040,2536,4,0,9405,1008,272,57,165,1008,272,1008,437,1065,437,1065,272
5041,2536,1,0,4636,685,319,76,61,685,319,685,380,761,380,761,319
5042,2536,2,0,6592,451,360,64,103,451,360,451,463,515,463,515,360
5043,2537,1,0,6675,656,313,89,75,656,313,656,388,745,388,745,313
5044,2538,1,0,6003,657,322,87,69,657,322,657,391,744,391,744,322
5045,2538,2,0,1260,831,329,30,42,831,329,831,371,861,371,861,329
5046,2539,1,0,6336,655,316,88,72,655,316,655,388,743,388,743,316
5047,2539,2,0,3080,867,314,44,70,867,314,867,384,911,384,911,314
5048,2540,1,0,6512,655,314,88,74,655,314,655,388,743,388,743,314
5049,2540,2,0,4290,933,331,65,66,933,331,933,397,998,397,998,331
5050,2541,1,0,7055,656,315,85,83,656,315,656,398,741,398,741,315
5051,2541,2,0,25116,1086,316,156,161,1086,316,1086,477,1242,477,1242,316
5052,2542,1,0,6300,659,320,84,75,659,320,659,395,743,395,743,320
5053,2543,1,0,6160,655,318,88,70,655,318,655,388,743,388,743,318
5054,2544,1,0,5712,662,328,84,68,662,328,662,396,746,396,746,328
5055,2544,2,0,8484,1060,323,84,101,1060,323,1060,424,1144,424,1144,323
5056,2545,2,0,6156,660,313,81,76,660,313,660,389,741,389,741,313
5057,2546,1,0,5609,663,319,79,71,663,319,663,390,742,390,742,319
5058,2547,2,0,9379,404,358,83,113,404,358,404,471,487,471,487,358
5059,2547,1,0,4810,699,314,74,65,699,314,699,379,773,379,773,314
5060,2548,2,0,3570,867,309,42,85,867,309,867,394,909,394,909,309
5061,2548,1,0,6225,661,309,83,75,661,309,661,384,744,384,744,309
5062,2549,1,0,5208,654,324,84,62,654,324,654,386,738,386,738,324
5063,2550,1,0,5376,647,322,84,64,647,322,647,386,731,386,731,322
5064,2551,1,0,5440,635,325,85,64,635,325,635,389,720,389,720,325
5065,2552,1,0,5700,632,317,76,75,632,317,632,392,708,392,708,317
5066,2553,1,0,5412,624,328,82,66,624,328,624,394,706,394,706,328
5067,2554,1,0,5508,612,323,81,68,612,323,612,391,693,391,693,323
5068,2555,1,0,5346,611,319,81,66,611,319,611,385,692,385,692,319
5069,2556,1,0,5395,611,324,83,65,611,324,611,389,694,389,694,324
5070,2557,1,0,4960,612,322,80,62,612,322,612,384,692,384,692,322
5071,2558,1,0,5624,701,313,76,74,701,313,701,387,777,387,777,313
5072,2558,2,0,3652,630,332,44,83,630,332,630,415,674,415,674,332
5073,2558,2,0,3441,461,355,37,93,461,355,461,448,498,448,498,355
5074,2558,2,0,5830,414,357,55,106,414,357,414,463,469,463,469,357
5075,2558,2,0,15049,335,365,101,149,335,365,335,514,436,514,436,365
5076,2558,2,0,2046,689,334,31,66,689,334,689,400,720,400,720,334
5077,2559,1,0,5082,610,316,77,66,610,316,610,382,687,382,687,316
5078,2560,1,0,5520,610,316,80,69,610,316,610,385,690,385,690,316
5079,2561,1,0,5810,611,322,83,70,611,322,611,392,694,392,694,322
5080,2562,1,0,5658,616,322,82,69,616,322,616,391,698,391,698,322
5081,2563,1,0,5504,619,328,86,64,619,328,619,392,705,392,705,328
5082,2564,1,0,5727,630,325,83,69,630,325,630,394,713,394,713,325
5083,2565,1,0,4320,642,331,72,60,642,331,642,391,714,391,714,331
5084,2566,1,0,4345,652,326,79,55,652,326,652,381,731,381,731,326
5085,2567,1,0,5002,656,317,82,61,656,317,656,378,738,378,738,317
5086,2568,1,0,5074,661,324,86,59,661,324,661,383,747,383,747,324
5087,2569,1,0,5986,696,315,82,73,696,315,696,388,778,388,778,315
5088,2569,2,0,3060,684,322,36,85,684,322,684,407,720,407,720,322
5089,2569,2,0,5335,600,334,55,97,600,334,600,431,655,431,655,334
5090,2569,2,0,5184,424,350,48,108,424,350,424,458,472,458,472,350
5091,2569,2,0,5795,364,363,61,95,364,363,364,458,425,458,425,363
5092,2569,2,0,20826,237,371,117,178,237,371,237,549,354,549,354,371
5093,2570,1,0,4779,670,322,81,59,670,322,670,381,751,381,751,322
5094,2571,1,0,4661,671,327,79,59,671,327,671,386,750,386,750,327
5095,2572,1,0,5200,672,313,80,65,672,313,672,378,752,378,752,313
5096,2573,1,0,4500,686,321,75,60,686,321,686,381,761,381,761,321
5097,2574,1,0,5214,682,315,79,66,682,315,682,381,761,381,761,315
5098,2575,1,0,5002,685,323,82,61,685,323,685,384,767,384,767,323
5099,2575,2,0,1716,856,334,33,52,856,334,856,386,889,386,889,334
5100,2575,2,0,2052,905,327,36,57,905,327,905,384,941,384,941,327
5101,2576,1,0,5166,688,311,82,63,688,311,688,374,770,374,770,311
5102,2576,2,0,6278,917,323,73,86,917,323,917,409,990,409,990,323
5103,2576,2,0,4959,997,320,57,87,997,320,997,407,1054,407,1054,320
5104,2577,1,0,4779,687,321,81,59,687,321,687,380,768,380,768,321
5105,2577,2,0,26296,1106,318,152,173,1106,318,1106,491,1258,491,1258,318
5106,2578,1,0,5146,688,317,83,62,688,317,688,379,771,379,771,317
5107,2579,1,0,5250,691,301,75,70,691,301,691,371,766,371,766,301
5108,2580,1,0,6970,695,316,82,85,695,316,695,401,777,401,777,316
5109,2580,2,0,8000,365,350,64,125,365,350,365,475,429,475,429,350
5110,2580,2,0,2109,862,327,57,37,862,327,862,364,919,364,919,327
5111,2580,2,0,9344,294,370,73,128,294,370,294,498,367,498,367,370
5112,2580,2,0,11211,216,375,101,111,216,375,216,486,317,486,317,375
5113,2580,2,0,35872,67,389,152,236,67,389,67,625,219,625,219,389
5114,2580,2,0,4224,666,315,44,96,666,315,666,411,710,411,710,315
5115,2581,1,0,5248,686,321,82,64,686,321,686,385,768,385,768,321
5116,2581,2,0,3360,940,314,40,84,940,314,940,398,980,398,980,314
5117,2582,1,0,5460,693,306,84,65,693,306,693,371,777,371,777,306
5118,2582,2,0,6527,1034,306,61,107,1034,306,1034,413,1095,413,1095,306
5119,2583,1,0,5355,698,314,85,63,698,314,698,377,783,377,783,314
5120,2584,1,0,4897,702,315,83,59,702,315,702,374,785,374,785,315
5121,2585,1,0,5025,708,315,75,67,708,315,708,382,783,382,783,315
5122,2586,1,0,4692,715,311,69,68,715,311,715,379,784,379,784,311
5123,2587,1,0,4745,711,314,73,65,711,314,711,379,784,379,784,314
5124,2588,1,0,5376,699,324,84,64,699,324,699,388,783,388,783,324
5125,2588,2,0,4386,962,326,51,86,962,326,962,412,1013,412,1013,326
5126,2589,1,0,4662,689,325,74,63,689,325,689,388,763,388,763,325
5127,2589,2,0,23598,1113,282,138,171,1113,282,1113,453,1251,453,1251,282
5128,2590,1,0,3888,681,323,72,54,681,323,681,377,753,377,753,323
5129,2590,2,0,1140,627,343,30,38,627,343,627,381,657,381,657,343
5130,2591,4,0,5876,327,341,52,113,327,341,327,454,379,454,379,341
5131,2591,2,0,21182,181,352,119,178,181,352,181,530,300,530,300,352
5132,2591,1,0,8010,673,319,89,90,673,319,673,409,762,409,762,319
5133,2591,2,0,10098,295,392,102,99,295,392,295,491,397,491,397,392
5134,2591,2,0,12444,543,328,102,122,543,328,543,450,645,450,645,328
5135,2591,2,0,3648,657,330,38,96,657,330,657,426,695,426,695,330
5136,2592,1,0,4960,665,316,80,62,665,316,665,378,745,378,745,316
5137,2592,2,0,2100,607,328,35,60,607,328,607,388,642,388,642,328
5138,2593,1,0,4209,656,319,69,61,656,319,656,380,725,380,725,319
5139,2593,2,0,2408,586,338,43,56,586,338,586,394,629,394,629,338
5140,2594,1,0,3976,643,320,71,56,643,320,643,376,714,376,714,320
5141,2594,2,0,2088,571,346,36,58,571,346,571,404,607,404,607,346
5142,2595,2,0,3819,551,336,57,67,551,336,551,403,608,403,608,336
5143,2595,1,0,4392,641,311,72,61,641,311,641,372,713,372,713,311
5144,2596,2,0,3588,538,356,52,69,538,356,538,425,590,425,590,356
5145,2596,1,0,4818,640,327,73,66,640,327,640,393,713,393,713,327
5146,2597,1,0,4260,623,318,71,60,623,318,623,378,694,378,694,318
5147,2597,2,0,6175,496,345,65,95,496,345,496,440,561,440,561,345
5148,2598,1,0,3696,611,323,66,56,611,323,611,379,677,379,677,323
5149,2598,2,0,7410,453,349,65,114,453,349,453,463,518,463,518,349
5150,2599,1,0,4560,601,314,76,60,601,314,601,374,677,374,677,314
5151,2599,2,0,8946,407,351,71,126,407,351,407,477,478,477,478,351
5152,2600,1,0,3740,606,329,68,55,606,329,606,384,674,384,674,329
5153,2600,2,0,16692,321,381,107,156,321,381,321,537,428,537,428,381
5154,2600,4,0,11560,341,331,85,136,341,331,341,467,426,467,426,331
5155,2601,1,0,4453,608,321,73,61,608,321,608,382,681,382,681,321
5156,2601,4,0,28341,228,341,141,201,228,341,228,542,369,542,369,341
5157,2601,2,0,33945,216,376,155,219,216,376,216,595,371,595,371,376
5158,2602,2,0,33755,9,404,157,215,9,404,9,619,166,619,166,404
5159,2602,1,0,9016,662,316,98,92,662,316,662,408,760,408,760,316
5160,2602,2,0,1040,813,332,26,40,813,332,813,372,839,372,839,332
5161,2602,4,0,26600,62,329,100,266,62,329,62,595,162,595,162,329
5162,2602,2,0,16632,220,403,126,132,220,403,220,535,346,535,346,403
5163,2602,4,0,18180,256,330,101,180,256,330,256,510,357,510,357,330
5164,2602,2,0,11440,521,324,80,143,521,324,521,467,601,467,601,324
5165,2602,2,0,5676,642,309,44,129,642,309,642,438,686,438,686,309
5166,2603,1,0,4275,616,302,75,57,616,302,616,359,691,359,691,302
5167,2604,1,0,3224,629,332,62,52,629,332,629,384,691,384,691,332
5168,2605,1,0,4104,626,323,72,57,626,323,626,380,698,380,698,323
5169,2606,1,0,3050,638,332,61,50,638,332,638,382,699,382,699,332
5170,2607,1,0,5175,651,322,75,69,651,322,651,391,726,391,726,322
5171,2608,1,0,3588,664,324,69,52,664,324,664,376,733,376,733,324
5172,2609,1,0,4070,679,317,74,55,679,317,679,372,753,372,753,317
5173,2610,1,0,4836,682,318,78,62,682,318,682,380,760,380,760,318
5174,2611,1,0,4380,683,315,73,60,683,315,683,375,756,375,756,315
5175,2612,1,0,3550,684,328,71,50,684,328,684,378,755,378,755,328
5176,2613,2,0,861,801,327,21,41,801,327,801,368,822,368,822,327
5177,2613,2,0,1053,819,334,27,39,819,334,819,373,846,373,846,334
5178,2613,2,0,2392,858,325,52,46,858,325,858,371,910,371,910,325
5179,2613,2,0,29359,144,353,157,187,144,353,144,540,301,540,301,353
5180,2613,1,0,13038,643,311,123,106,643,311,643,417,766,417,766,311
5181,2613,2,0,16128,480,331,112,144,480,331,480,475,592,475,592,331
5182,2613,2,0,6272,620,346,64,98,620,346,620,444,684,444,684,346
5183,2613,4,0,6096,634,309,48,127,634,309,634,436,682,436,682,309
5184,2614,1,0,3780,679,329,70,54,679,329,679,383,749,383,749,329
5185,2615,1,0,4350,669,330,75,58,669,330,669,388,744,388,744,330
5186,2616,1,0,3162,668,335,62,51,668,335,668,386,730,386,730,335
5187,2616,2,0,2016,858,329,32,63,858,329,858,392,890,392,890,329
5188,2617,1,0,4200,657,324,75,56,657,324,657,380,732,380,732,324
5189,2617,2,0,4900,929,310,50,98,929,310,929,408,979,408,979,310
5190,2618,1,0,4158,656,327,77,54,656,327,656,381,733,381,733,327
5191,2618,2,0,966,841,329,23,42,841,329,841,371,864,371,864,329
5192,2618,2,0,25432,1123,283,136,187,1123,283,1123,470,1259,470,1259,283
5193,2619,1,0,4745,645,307,73,65,645,307,645,372,718,372,718,307
5194,2619,2,0,2077,875,313,31,67,875,313,875,380,906,380,906,313
5195,2620,2,0,3388,945,310,44,77,945,310,945,387,989,387,989,310
5196,2620,1,0,4672,644,306,73,64,644,306,644,370,717,370,717,306
5197,2621,1,0,4260,646,323,71,60,646,323,646,383,717,383,717,323
5198,2621,2,0,16986,1083,309,114,149,1083,309,1083,458,1197,458,1197,309
5199,2622,1,0,4740,646,321,79,60,646,321,646,381,725,381,725,321
5200,2623,1,0,4455,648,330,81,55,648,330,648,385,729,385,729,330
5201,2623,2,0,2196,858,337,36,61,858,337,858,398,894,398,894,337
5202,2624,1,0,2397,826,325,51,47,826,325,826,372,877,372,877,325
5203,2624,1,0,8217,691,316,99,83,691,316,691,399,790,399,790,316
5204,2624,2,0,1674,595,346,31,54,595,346,595,400,626,400,626,346
5205,2624,2,0,8025,627,380,75,107,627,380,627,487,702,487,702,380
5206,2624,1,0,6175,435,330,95,65,435,330,435,395,530,395,530,330
5207,2624,2,0,7004,974,330,103,68,974,330,974,398,1077,398,1077,330
5208,2625,2,0,946,798,329,22,43,798,329,798,372,820,372,820,329
5209,2625,2,0,1073,824,342,29,37,824,342,824,379,853,379,853,342
5210,2625,4,0,31311,54,335,147,213,54,335,54,548,201,548,201,335
5211,2625,2,0,45933,45,404,251,183,45,404,45,587,296,587,296,404
5212,2625,2,0,9272,602,343,76,122,602,343,602,465,678,465,678,343
5213,2625,1,0,14260,634,308,124,115,634,308,634,423,758,423,758,308
5214,2625,2,0,2496,855,331,64,39,855,331,855,370,919,370,919,331
5215,2625,2,0,13965,452,329,95,147,452,329,452,476,547,476,547,329
5216,2626,1,0,4503,654,321,79,57,654,321,654,378,733,378,733,321
5217,2627,1,0,4455,647,323,81,55,647,323,647,378,728,378,728,323
5218,2628,1,0,4836,657,330,78,62,657,330,657,392,735,392,735,330
5219,2629,1,0,5478,658,325,83,66,658,325,658,391,741,391,741,325
5220,2630,1,0,6532,657,308,92,71,657,308,657,379,749,379,749,308
5221,2631,1,0,5780,658,321,85,68,658,321,658,389,743,389,743,321
5222,2632,1,0,5292,655,314,84,63,655,314,655,377,739,377,739,314
5223,2633,1,0,6468,654,311,84,77,654,311,654,388,738,388,738,311
5224,2634,1,0,6240,644,312,80,78,644,312,644,390,724,390,724,312
5225,2635,1,0,5832,641,313,81,72,641,313,641,385,722,385,722,313
5226,2636,2,0,1350,855,345,27,50,855,345,855,395,882,395,882,345
5227,2636,2,0,1012,812,332,23,44,812,332,812,376,835,376,835,332
5228,2636,2,0,48151,0,431,269,179,0,431,0,610,269,610,269,431
5229,2636,2,0,9052,589,364,73,124,589,364,589,488,662,488,662,364
5230,2636,1,0,18034,625,305,142,127,625,305,625,432,767,432,767,305
5231,2637,1,0,5670,635,317,81,70,635,317,635,387,716,387,716,317
5232,2638,1,0,6720,632,312,84,80,632,312,632,392,716,392,716,312
5233,2639,1,0,6552,621,315,91,72,621,315,621,387,712,387,712,315
5234,2640,1,0,7189,616,322,91,79,616,322,616,401,707,401,707,322
5235,2641,1,0,6205,613,319,85,73,613,319,613,392,698,392,698,319
5236,2642,1,0,6460,618,322,85,76,618,322,618,398,703,398,703,322
5237,2642,2,0,5130,994,321,57,90,994,321,994,411,1051,411,1051,321
5238,2643,1,0,6450,610,322,86,75,610,322,610,397,696,397,696,322
5239,2644,2,0,7169,960,306,67,107,960,306,960,413,1027,413,1027,306
5240,2644,1,0,6020,609,322,86,70,609,322,609,392,695,392,695,322
5241,2645,1,0,7680,598,313,96,80,598,313,598,393,694,393,694,313
5242,2646,1,0,6708,599,316,86,78,599,316,599,394,685,394,685,316
5243,2647,2,0,903,825,331,21,43,825,331,825,374,846,374,846,331
5244,2647,2,0,1760,883,343,32,55,883,343,883,398,915,398,915,343
5245,2647,2,0,41678,19,424,182,229,19,424,19,653,201,653,201,424
5246,2647,2,0,11544,582,343,74,156,582,343,582,499,656,499,656,343
5247,2647,1,0,21879,617,299,153,143,617,299,617,442,770,442,770,299
5248,2647,2,0,32256,342,330,168,192,342,330,342,522,510,522,510,330
5249,2648,1,0,6699,594,313,87,77,594,313,594,390,681,390,681,313
5250,2649,1,0,6300,590,314,84,75,590,314,590,389,674,389,674,314
5251,2650,1,0,6808,586,318,92,74,586,318,586,392,678,392,678,318
5252,2651,1,0,6552,578,318,91,72,578,318,578,390,669,390,669,318
5253,2652,2,0,989,720,312,23,43,720,312,720,355,743,355,743,312
5254,2652,2,0,1540,789,306,28,55,789,306,789,361,817,361,817,306
5255,2652,1,0,7371,578,306,91,81,578,306,578,387,669,387,669,306
5256,2653,2,0,3784,840,307,44,86,840,307,840,393,884,393,884,307
5257,2653,1,0,6600,578,318,88,75,578,318,578,393,666,393,666,318
5258,2653,2,0,1568,750,318,28,56,750,318,750,374,778,374,778,318
5259,2654,2,0,2244,789,328,34,66,789,328,789,394,823,394,823,328
5260,2654,2,0,10624,921,301,83,128,921,301,921,429,1004,429,1004,301
5261,2654,1,0,7650,573,323,90,85,573,323,573,408,663,408,663,323
5262,2655,1,0,7332,567,327,94,78,567,327,567,405,661,405,661,327
5263,2655,2,0,5292,842,330,63,84,842,330,842,414,905,414,905,330
5264,2656,1,0,7520,561,307,94,80,561,307,561,387,655,387,655,307
5265,2656,2,0,16790,961,296,115,146,961,296,961,442,1076,442,1076,296
5266,2657,1,0,7280,567,327,91,80,567,327,567,407,658,407,658,327
5267,2658,1,0,28536,613,298,174,164,613,298,613,462,787,462,787,298
5268,2658,2,0,1175,837,333,25,47,837,333,837,380,862,380,862,333
5269,2658,2,0,4212,920,332,52,81,920,332,920,413,972,413,972,332
5270,2658,2,0,18690,562,342,105,178,562,342,562,520,667,520,667,342
5271,2659,1,0,6675,567,319,89,75,567,319,567,394,656,394,656,319
5272,2660,1,0,6603,571,319,93,71,571,319,571,390,664,390,664,319
5273,2661,1,0,7680,579,321,96,80,579,321,579,401,675,401,675,321
5274,2662,1,0,7614,584,318,94,81,584,318,584,399,678,399,678,318
5275,2663,1,0,7654,589,320,89,86,589,320,589,406,678,406,678,320
5276,2664,1,0,7138,593,322,86,83,593,322,593,405,679,405,679,322
5277,2665,1,0,8484,585,324,101,84,585,324,585,408,686,408,686,324
5278,2666,1,0,7826,591,325,91,86,591,325,591,411,682,411,682,325
5279,2667,1,0,7776,583,317,96,81,583,317,583,398,679,398,679,317
5280,2668,1,0,7480,589,319,88,85,589,319,589,404,677,404,677,319
5281,2668,2,0,2625,813,318,35,75,813,318,813,393,848,393,848,318
5282,2669,1,0,30420,613,299,180,169,613,299,613,468,793,468,793,299
5283,2669,2,0,1980,857,326,30,66,857,326,857,392,887,392,887,326
5284,2669,2,0,5490,977,342,61,90,977,342,977,432,1038,432,1038,342
5285,2669,4,0,3969,972,304,49,81,972,304,972,385,1021,385,1021,304
5286,2669,2,0,70752,214,311,268,264,214,311,214,575,482,575,482,311
5287,2669,2,0,26520,542,341,130,204,542,341,542,545,672,545,672,341
5288,2670,2,0,9292,930,332,92,101,930,332,930,433,1022,433,1022,332
5289,2670,1,0,8989,579,313,101,89,579,313,579,402,680,402,680,313
5290,2671,1,0,8190,586,323,90,91,586,323,586,414,676,414,676,323
5291,2672,1,0,9400,577,317,100,94,577,317,577,411,677,411,677,317
5292,2673,1,0,9282,579,325,102,91,579,325,579,416,681,416,681,325
5293,2674,1,0,9108,579,319,99,92,579,319,579,411,678,411,678,319
5294,2675,1,0,9384,575,320,102,92,575,320,575,412,677,412,677,320
5295,2676,1,0,9078,579,316,102,89,579,316,579,405,681,405,681,316
5296,2677,1,0,9270,587,323,103,90,587,323,587,413,690,413,690,323
5297,2678,1,0,7998,600,319,93,86,600,319,600,405,693,405,693,319
5298,2679,1,0,8624,606,314,98,88,606,314,606,402,704,402,704,314
5299,2680,1,0,38016,609,295,198,192,609,295,609,487,807,487,807,295
5300,2680,4,0,3910,1063,294,46,85,1063,294,1063,379,1109,379,1109,294
5301,2680,2,0,2788,894,330,41,68,894,330,894,398,935,398,935,330
5302,2680,2,0,12900,1061,343,100,129,1061,343,1061,472,1161,472,1161,343
5303,2680,2,0,29890,532,334,122,245,532,334,532,579,654,579,654,334
5304,2680,2,0,41652,252,365,178,234,252,365,252,599,430,599,430,365
5305,2681,1,0,8428,616,312,98,86,616,312,616,398,714,398,714,312
5306,2682,1,0,8811,619,316,99,89,619,316,619,405,718,405,718,316
5307,2683,1,0,7760,616,311,97,80,616,311,616,391,713,391,713,311
5308,2684,1,0,7566,617,315,97,78,617,315,617,393,714,393,714,315
5309,2685,2,0,1350,831,325,27,50,831,325,831,375,858,375,858,325
5310,2685,1,0,7144,616,319,94,76,616,319,616,395,710,395,710,319
5311,2686,2,0,2294,880,330,37,62,880,330,880,392,917,392,917,330
5312,2686,1,0,8096,612,320,92,88,612,320,612,408,704,408,704,320
5313,2687,1,0,8976,609,321,102,88,609,321,609,409,711,409,711,321
5314,2688,1,0,7031,608,319,89,79,608,319,608,398,697,398,697,319
5315,2689,1,0,7802,609,316,94,83,609,316,609,399,703,399,703,316
5316,2690,1,0,6675,611,318,89,75,611,318,611,393,700,393,700,318
5317,2690,2,0,9919,1140,338,91,109,1140,338,1140,447,1231,447,1231,338
5318,2691,1,0,44100,605,282,210,210,605,282,605,492,815,492,815,282
5319,2691,2,0,3042,941,337,39,78,941,337,941,415,980,415,980,337
5320,2691,4,0,38340,512,256,135,284,512,256,512,540,647,540,647,256
5321,2691,2,0,37728,521,349,144,262,521,349,521,611,665,611,665,349
5322,2691,4,0,15594,1194,271,69,226,1194,271,1194,497,1263,497,1263,271
5323,2692,1,0,7007,615,314,91,77,615,314,615,391,706,391,706,314
5324,2692,2,0,3900,833,323,52,75,833,323,833,398,885,398,885,323
5325,2693,1,0,7636,621,324,92,83,621,324,621,407,713,407,713,324
5326,2694,1,0,6853,616,319,89,77,616,319,616,396,705,396,705,319
5327,2694,2,0,1161,753,329,27,43,753,329,753,372,780,372,780,329
5328,2695,2,0,1537,785,339,29,53,785,339,785,392,814,392,814,339
5329,2695,1,0,7387,616,325,89,83,616,325,616,408,705,408,705,325
5330,2696,2,0,2170,832,326,35,62,832,326,832,388,867,388,867,326
5331,2696,1,0,7007,611,311,91,77,611,311,611,388,702,388,702,311
5332,2696,2,0,666,724,316,18,37,724,316,724,353,742,353,742,316
5333,2697,1,0,7052,607,320,86,82,607,320,607,402,693,402,693,320
5334,2697,2,0,5452,897,321,58,94,897,321,897,415,955,415,955,321
5335,2698,1,0,6708,603,312,86,78,603,312,603,390,689,390,689,312
5336,2698,2,0,1870,790,323,34,55,790,323,790,378,824,378,824,323
5337,2699,2,0,1920,780,326,32,60,780,326,780,386,812,386,812,326
5338,2699,1,0,7310,603,321,85,86,603,321,603,407,688,407,688,321
5339,2699,2,0,2800,852,334,40,70,852,334,852,404,892,404,892,334
5340,2700,2,0,2176,818,330,32,68,818,330,818,398,850,398,850,330
5341,2700,1,0,7656,598,325,87,88,598,325,598,413,685,413,685,325
5342,2700,2,0,10266,943,336,87,118,943,336,943,454,1030,454,1030,336
5343,2701,1,0,7138,606,322,86,83,606,322,606,405,692,405,692,322
5344,2702,2,0,44726,610,284,214,209,610,284,610,493,824,493,824,284
5345,2702,4,0,64255,484,261,181,355,484,261,484,616,665,616,665,261
5346,2702,2,0,7881,973,330,71,111,973,330,973,441,1044,441,1044,330
5347,2702,2,0,40826,515,355,149,274,515,355,515,629,664,629,664,355
5348,2703,1,0,6880,608,316,86,80,608,316,608,396,694,396,694,316
5349,2704,1,0,7224,613,320,86,84,613,320,613,404,699,404,699,320
5350,2705,1,0,8134,620,309,98,83,620,309,620,392,718,392,718,309
5351,2706,1,0,6734,626,315,91,74,626,315,626,389,717,389,717,315
5352,2707,1,0,5880,651,318,84,70,651,318,651,388,735,388,735,318
5353,2708,1,0,6216,659,319,84,74,659,319,659,393,743,393,743,319
5354,2709,1,0,6450,663,323,86,75,663,323,663,398,749,398,749,323
5355,2710,1,0,6048,665,317,84,72,665,317,665,389,749,389,749,317
5356,2711,1,0,5950,660,321,85,70,660,321,660,391,745,391,745,321
5357,2712,1,0,5859,647,314,93,63,647,314,647,377,740,377,740,314
5358,2712,1,0,10710,536,264,102,105,536,264,536,369,638,369,638,264
5359,2713,1,0,45747,611,287,221,207,611,287,611,494,832,494,832,287
5360,2713,4,0,66230,480,240,179,370,480,240,480,610,659,610,659,240
5361,2713,2,0,2989,899,333,49,61,899,333,899,394,948,394,948,333
5362,2713,4,0,7748,1027,291,52,149,1027,291,1027,440,1079,440,1079,291
5363,2713,2,0,12727,1041,331,89,143,1041,331,1041,474,1130,474,1130,331
5364,2713,2,0,5270,1173,325,85,62,1173,325,1173,387,1258,387,1258,325
5365,2713,2,0,48140,499,358,166,290,499,358,499,648,665,648,665,358
5366,2714,1,0,5478,649,321,83,66,649,321,649,387,732,387,732,321
5367,2714,1,0,11544,517,279,111,104,517,279,517,383,628,383,628,279
5368,2715,1,0,5355,635,325,85,63,635,325,635,388,720,388,720,325
5369,2715,1,0,15006,488,267,122,123,488,267,488,390,610,390,610,267
5370,2716,1,0,5568,632,321,87,64,632,321,632,385,719,385,719,321
5371,2716,1,0,20306,463,254,143,142,463,254,463,396,606,396,606,254
5372,2717,1,0,32732,402,241,196,167,402,241,402,408,598,408,598,241
5373,2717,1,0,5293,632,320,79,67,632,320,632,387,711,387,711,320
5374,2718,1,0,44004,362,235,228,193,362,235,362,428,590,428,590,235
5375,2718,1,0,4575,637,324,75,61,637,324,637,385,712,385,712,324
5376,2719,1,0,71630,307,199,290,247,307,199,307,446,597,446,597,199
5377,2719,1,0,4617,632,320,81,57,632,320,632,377,713,377,713,320
5378,2720,1,0,129870,166,143,390,333,166,143,166,476,556,476,556,143
5379,2720,1,0,4814,638,319,83,58,638,319,638,377,721,377,721,319
5380,2721,1,0,4180,640,325,76,55,640,325,640,380,716,380,716,325
5381,2721,1,0,277182,0,34,531,522,0,34,0,556,531,556,531,34
5382,2722,1,0,5742,623,312,87,66,623,312,623,378,710,378,710,312
5383,2722,1,0,344000,3,5,500,688,3,5,3,693,503,693,503,5
5384,2723,1,0,5940,606,331,90,66,606,331,606,397,696,397,696,331
5385,2723,1,0,85484,247,181,301,284,247,181,247,465,548,465,548,181
5386,2724,4,0,73153,472,255,191,383,472,255,472,638,663,638,663,255
5387,2724,1,0,49464,610,286,229,216,610,286,610,502,839,502,839,286
5388,2724,2,0,2537,907,331,43,59,907,331,907,390,950,390,950,331
5389,2724,4,0,2537,907,331,43,59,907,331,907,390,950,390,950,331
5390,2724,4,0,7298,1123,280,41,178,1123,280,1123,458,1164,458,1164,280
5391,2724,4,0,11151,1149,282,59,189,1149,282,1149,471,1208,471,1208,282
5392,2724,2,0,26595,1139,323,135,197,1139,323,1139,520,1274,520,1274,323
5393,2724,2,0,4758,1025,324,78,61,1025,324,1025,385,1103,385,1103,324
5394,2724,2,0,48160,503,345,160,301,503,345,503,646,663,646,663,345
5395,2725,1,0,204852,8,116,516,397,8,116,8,513,524,513,524,116
5396,2725,1,0,5124,605,326,84,61,605,326,605,387,689,387,689,326
5397,2726,1,0,4774,456,327,77,62,456,327,456,389,533,389,533,327
5398,2726,1,0,4920,608,328,82,60,608,328,608,388,690,388,690,328
5399,2726,1,0,291797,0,3,451,647,0,3,0,650,451,650,451,3
5400,2727,1,0,4897,616,334,83,59,616,334,616,393,699,393,699,334
5401,2727,1,0,6375,457,332,85,75,457,332,457,407,542,407,542,332
5402,2727,1,0,237395,0,0,395,601,0,0,0,601,395,601,395,0
5403,2728,1,0,6992,618,322,92,76,618,322,618,398,710,398,710,322
5404,2728,1,0,9918,436,327,114,87,436,327,436,414,550,414,550,327
5405,2729,1,0,11070,431,323,123,90,431,323,431,413,554,413,554,323
5406,2729,1,0,5270,641,319,85,62,641,319,641,381,726,381,726,319
5407,2730,1,0,5695,655,313,85,67,655,313,655,380,740,380,740,313
5408,2730,1,0,15150,408,316,150,101,408,316,408,417,558,417,558,316
5409,2731,1,0,5002,677,325,82,61,677,325,677,386,759,386,759,325
5410,2731,1,0,25452,352,329,202,126,352,329,352,455,554,455,554,329
5411,2732,1,0,44280,269,307,270,164,269,307,269,471,539,471,539,307
5412,2732,1,0,5412,687,319,82,66,687,319,687,385,769,385,769,319
5413,2733,1,0,97644,77,299,412,237,77,299,77,536,489,536,489,299
5414,2733,1,0,5610,695,313,85,66,695,313,695,379,780,379,780,313
5415,2734,1,0,169735,3,273,409,415,3,273,3,688,412,688,412,273
5416,2734,1,0,5460,699,312,84,65,699,312,699,377,783,377,783,312
5417,2735,2,0,1708,591,343,28,61,591,343,591,404,619,404,619,343
5418,2735,1,0,10440,664,315,120,87,664,315,664,402,784,402,784,315
5419,2735,1,0,3876,824,323,68,57,824,323,824,380,892,380,892,323
5420,2735,4,0,3555,951,313,45,79,951,313,951,392,996,392,996,313
5421,2735,3,0,10560,389,321,96,110,389,321,389,431,485,431,485,321
5422,2735,2,0,8103,994,326,111,73,994,326,994,399,1105,399,1105,326
5423,2735,2,0,11676,639,353,84,139,639,353,639,492,723,492,723,353
5424,2736,4,0,75254,467,240,197,382,467,240,467,622,664,622,664,240
5425,2736,1,0,48336,611,288,228,212,611,288,611,500,839,500,839,288
5426,2736,2,0,41400,487,364,150,276,487,364,487,640,637,640,637,364
5427,2736,2,0,3053,923,329,43,71,923,329,923,400,966,400,966,329
5428,2736,2,0,2655,820,326,45,59,820,326,820,385,865,385,865,326
5429,2736,2,0,4368,1017,326,78,56,1017,326,1017,382,1095,382,1095,326
5430,2737,1,0,5460,692,318,84,65,692,318,692,383,776,383,776,318
5431,2737,1,0,40016,1,428,164,244,1,428,1,672,165,672,165,428
5432,2738,1,0,5440,685,318,80,68,685,318,685,386,765,386,765,318
5433,2739,1,0,5561,671,316,83,67,671,316,671,383,754,383,754,316
5434,2740,1,0,5589,661,317,81,69,661,317,661,386,742,386,742,317
5435,2741,1,0,5544,649,323,84,66,649,323,649,389,733,389,733,323
5436,2742,2,0,7906,996,303,67,118,996,303,996,421,1063,421,1063,303
5437,2742,2,0,3225,909,328,43,75,909,328,909,403,952,403,952,328
5438,2742,1,0,5360,645,326,80,67,645,326,645,393,725,393,725,326
5439,2743,2,0,7777,1000,336,77,101,1000,336,1000,437,1077,437,1077,336
5440,2743,1,0,6808,622,321,92,74,622,321,622,395,714,395,714,321
5441,2744,1,0,6192,623,316,86,72,623,316,623,388,709,388,709,316
5442,2745,1,0,5576,626,325,82,68,626,325,626,393,708,393,708,325
5443,2746,1,0,5440,620,325,80,68,620,325,620,393,700,393,700,325
5444,2747,4,0,73062,464,249,198,369,464,249,464,618,662,618,662,249
5445,2747,1,0,45715,614,291,223,205,614,291,614,496,837,496,837,291
5446,2747,2,0,2470,836,329,38,65,836,329,836,394,874,394,874,329
5447,2747,2,0,3358,939,328,46,73,939,328,939,401,985,401,985,328
5448,2748,1,0,5376,621,329,84,64,621,329,621,393,705,393,705,329
5449,2749,1,0,6075,624,318,81,75,624,318,624,393,705,393,705,318
5450,2750,1,0,6068,621,318,82,74,621,318,621,392,703,392,703,318
5451,2751,1,0,5561,625,329,83,67,625,329,625,396,708,396,708,329
5452,2752,1,0,5694,635,318,78,73,635,318,635,391,713,391,713,318
5453,2753,1,0,5904,631,328,82,72,631,328,631,400,713,400,713,328
5454,2754,1,0,5312,635,322,83,64,635,322,635,386,718,386,718,322
5455,2755,1,0,5950,635,312,85,70,635,312,635,382,720,382,720,312
5456,2756,1,0,5751,646,316,81,71,646,316,646,387,727,387,727,316
5457,2757,1,0,5727,650,318,83,69,650,318,650,387,733,387,733,318
5458,2758,1,0,50076,611,287,234,214,611,287,611,501,845,501,845,287
5459,2758,2,0,49660,471,366,191,260,471,366,471,626,662,626,662,366
5460,2758,2,0,3081,852,325,39,79,852,325,852,404,891,404,891,325
5461,2758,2,0,4081,958,334,53,77,958,334,958,411,1011,411,1011,334
5462,2758,2,0,4950,1030,331,90,55,1030,331,1030,386,1120,386,1120,331
5463,2758,4,0,50479,513,253,143,353,513,253,513,606,656,606,656,253
5464,2759,1,0,5494,652,319,82,67,652,319,652,386,734,386,734,319
5465,2760,1,0,5494,653,319,82,67,653,319,653,386,735,386,735,319
5466,2761,1,0,6225,658,314,83,75,658,314,658,389,741,389,741,314
5467,2762,1,0,6048,656,315,84,72,656,315,656,387,740,387,740,315
5468,2763,1,0,6278,657,323,86,73,657,323,657,396,743,396,743,323
5469,2764,1,0,5712,659,322,84,68,659,322,659,390,743,390,743,322
5470,2765,1,0,5427,661,323,81,67,661,323,661,390,742,390,742,323
5471,2766,1,0,5964,661,314,84,71,661,314,661,385,745,385,745,314
5472,2767,1,0,5120,665,328,80,64,665,328,665,392,745,392,745,328
5473,2768,1,0,5508,667,327,81,68,667,327,667,395,748,395,748,327
5474,2769,1,0,46690,616,289,230,203,616,289,616,492,846,492,846,289
5475,2769,4,0,68160,478,256,192,355,478,256,478,611,670,611,670,256
5476,2769,2,0,3128,869,342,46,68,869,342,869,410,915,410,915,342
5477,2769,2,0,4977,979,336,63,79,979,336,979,415,1042,415,1042,336
5478,2769,2,0,40600,508,357,145,280,508,357,508,637,653,637,653,357
5479,2770,1,0,6080,671,309,80,76,671,309,671,385,751,385,751,309
5480,2771,1,0,6688,667,313,88,76,667,313,667,389,755,389,755,313
5481,2772,1,0,5548,674,316,76,73,674,316,674,389,750,389,750,316
5482,2773,1,0,6478,673,311,82,79,673,311,673,390,755,390,755,311
5483,2774,1,0,7470,666,307,90,83,666,307,666,390,756,390,756,307
5484,2775,1,0,7600,659,311,95,80,659,311,659,391,754,391,754,311
5485,2776,1,0,6825,660,317,91,75,660,317,660,392,751,392,751,317
5486,2777,1,0,6525,658,316,87,75,658,316,658,391,745,391,745,316
5487,2778,1,0,8000,652,314,100,80,652,314,652,394,752,394,752,314
5488,2779,1,0,7176,652,322,92,78,652,322,652,400,744,400,744,322
5489,2780,4,0,71862,473,266,203,354,473,266,473,620,676,620,676,266
5490,2780,1,0,41013,619,294,217,189,619,294,619,483,836,483,836,294
5491,2780,2,0,3816,882,350,53,72,882,350,882,422,935,422,935,350
5492,2780,2,0,4484,1012,350,59,76,1012,350,1012,426,1071,426,1071,350
5493,2780,2,0,44117,512,362,157,281,512,362,512,643,669,643,669,362
5494,2781,1,0,8160,645,312,102,80,645,312,645,392,747,392,747,312
5495,2782,1,0,8134,641,322,98,83,641,322,641,405,739,405,739,322
5496,2783,1,0,8118,633,326,99,82,633,326,633,408,732,408,732,326
5497,2784,1,0,8613,621,321,99,87,621,321,621,408,720,408,720,321
5498,2785,1,0,9951,615,315,107,93,615,315,615,408,722,408,722,315
5499,2786,1,0,9660,605,322,105,92,605,322,605,414,710,414,710,322
5500,2787,1,0,10088,605,315,104,97,605,315,605,412,709,412,709,315
5501,2788,1,0,10780,595,315,110,98,595,315,595,413,705,413,705,315
5502,2789,1,0,11655,590,310,111,105,590,310,590,415,701,415,701,310
5503,2790,1,0,13200,585,306,120,110,585,306,585,416,705,416,705,306
5504,2791,4,0,69905,475,271,205,341,475,271,475,612,680,612,680,271
5505,2791,1,0,37961,624,296,203,187,624,296,624,483,827,483,827,296
5506,2791,2,0,5015,906,338,59,85,906,338,906,423,965,423,965,338
5507,2791,2,0,8840,1053,336,85,104,1053,336,1053,440,1138,440,1138,336
5508,2791,2,0,33720,529,352,120,281,529,352,529,633,649,633,649,352
5509,2792,2,0,6552,952,305,63,104,952,305,952,409,1015,409,1015,305
5510,2792,1,0,13090,582,316,119,110,582,316,582,426,701,426,701,316
5511,2793,1,0,14896,561,321,133,112,561,321,561,433,694,433,694,321
5512,2794,1,0,18590,532,319,143,130,532,319,532,449,675,449,675,319
5513,2795,1,0,20511,493,315,159,129,493,315,493,444,652,444,652,315
5514,2796,1,0,22278,451,324,158,141,451,324,451,465,609,465,609,324
5515,2797,1,0,29640,385,328,190,156,385,328,385,484,575,484,575,328
5516,2798,1,0,36849,305,330,213,173,305,330,305,503,518,503,518,330
5517,2798,2,0,1769,782,331,29,61,782,331,782,392,811,392,811,331
5518,2799,1,0,53466,211,331,266,201,211,331,211,532,477,532,477,331
5519,2799,2,0,7519,833,318,73,103,833,318,833,421,906,421,906,318
5520,2799,2,0,9646,1045,307,106,91,1045,307,1045,398,1151,398,1151,307
5521,2800,1,0,80676,99,327,332,243,99,327,99,570,431,570,431,327
5522,2800,2,0,41638,981,310,218,191,981,310,981,501,1199,501,1199,310
5523,2801,1,0,105042,0,335,366,287,0,335,0,622,366,622,366,335
5524,2801,2,0,1100,784,326,25,44,784,326,784,370,809,370,809,326
5525,2802,4,0,51984,497,279,171,304,497,279,497,583,668,583,668,279
5526,2802,2,0,7800,943,311,60,130,943,311,943,441,1003,441,1003,311
5527,2802,1,0,35308,631,299,194,182,631,299,631,481,825,481,825,299
5528,2802,2,0,11352,1110,333,86,132,1110,333,1110,465,1196,465,1196,333
5529,2802,2,0,33792,533,357,132,256,533,357,533,613,665,613,665,357
5530,2803,1,0,110352,0,323,304,363,0,323,0,686,304,686,304,323
5531,2804,2,0,26928,1112,290,153,176,1112,290,1112,466,1265,466,1265,290
5532,2805,2,0,4628,897,334,89,52,897,334,897,386,986,386,986,334
5533,2805,1,0,31668,639,303,174,182,639,303,639,485,813,485,813,303
5534,2805,2,0,14008,976,340,103,136,976,340,976,476,1079,476,1079,340
5535,2805,2,0,22000,1157,310,125,176,1157,310,1157,486,1282,486,1282,310
5536,2805,4,0,38610,560,273,135,286,560,273,560,559,695,559,695,273
5537,2805,2,0,34860,552,359,140,249,552,359,552,608,692,608,692,359
5538,2805,4,0,83754,8,268,198,423,8,268,8,691,206,691,206,268
5539,2806,2,0,2046,887,328,31,66,887,328,887,394,918,394,918,328
5540,2807,2,0,7178,963,322,74,97,963,322,963,419,1037,419,1037,322
5541,2808,2,0,4732,996,314,52,91,996,314,996,405,1048,405,1048,314
5542,2809,2,0,10160,1127,304,80,127,1127,304,1127,431,1207,431,1207,304
5543,2810,1,0,7854,397,311,102,77,397,311,397,388,499,388,499,311
5544,2811,1,0,10701,370,313,123,87,370,313,370,400,493,400,493,313
5545,2812,1,0,12200,343,313,122,100,343,313,343,413,465,413,465,313
5546,2813,2,0,36240,559,347,151,240,559,347,559,587,710,587,710,347
5547,2813,1,0,5890,867,329,95,62,867,329,867,391,962,391,962,329
5548,2813,1,0,26720,648,303,167,160,648,303,648,463,815,463,815,303
5549,2813,4,0,10314,1048,276,54,191,1048,276,1048,467,1102,467,1102,276
5550,2813,2,0,22356,1026,346,138,162,1026,346,1026,508,1164,508,1164,346
5551,2813,4,0,32657,0,282,113,289,0,282,0,571,113,571,113,282
5552,2813,4,0,64213,85,273,157,409,85,273,85,682,242,682,242,273
5553,2813,2,0,87000,0,430,300,290,0,430,0,720,300,720,300,430
5554,2813,4,0,30636,587,269,111,276,587,269,587,545,698,545,698,269
5555,2814,1,0,13736,312,316,136,101,312,316,312,417,448,417,448,316
5556,2815,1,0,18600,264,302,155,120,264,302,264,422,419,422,419,302
5557,2816,1,0,21122,215,327,179,118,215,327,215,445,394,445,394,327
5558,2817,1,0,27800,144,302,200,139,144,302,144,441,344,441,344,302
5559,2818,2,0,2130,937,305,30,71,937,305,937,376,967,376,967,305
5560,2818,1,0,33634,57,305,251,134,57,305,57,439,308,439,308,305
5561,2819,1,0,36144,0,310,251,144,0,310,0,454,251,454,251,310
5562,2819,2,0,3200,1003,314,40,80,1003,314,1003,394,1043,394,1043,314
5563,2820,2,0,7656,1095,326,88,87,1095,326,1095,413,1183,413,1183,326
5564,2821,2,0,2574,834,314,39,66,834,314,834,380,873,380,873,314
5565,2822,4,0,106314,31,290,282,377,31,290,31,667,313,667,313,290
5566,2822,2,0,35828,1100,321,169,212,1100,321,1100,533,1269,533,1269,321
5567,2822,2,0,6076,835,328,98,62,835,328,835,390,933,390,933,328
5568,2822,4,0,31020,561,283,141,220,561,283,561,503,702,503,702,283
5569,2822,1,0,31540,607,305,190,166,607,305,607,471,797,471,797,305
5570,2822,4,0,17400,1146,272,75,232,1146,272,1146,504,1221,504,1221,272
5571,2822,2,0,27324,585,353,132,207,585,353,585,560,717,560,717,353
5572,2822,2,0,92675,11,431,337,275,11,431,11,706,348,706,348,431
5573,2823,2,0,3388,920,328,44,77,920,328,920,405,964,405,964,328
5574,2824,2,0,31536,1136,289,144,219,1136,289,1136,508,1280,508,1280,289
5575,2824,1,0,1260,634,324,36,35,634,324,634,359,670,359,670,324
5576,2825,1,0,1050,636,313,30,35,636,313,636,348,666,348,666,313
5577,2825,2,0,2730,573,330,65,42,573,330,573,372,638,372,638,330
5578,2826,2,0,1908,618,336,53,36,618,336,618,372,671,372,671,336
5579,2827,2,0,3672,657,321,72,51,657,321,657,372,729,372,729,321
5580,2827,2,0,2627,486,344,71,37,486,344,486,381,557,381,557,344
5581,2827,1,0,1332,627,315,37,36,627,315,627,351,664,351,664,315
5582,2828,1,0,1548,624,313,43,36,624,313,624,349,667,349,667,313
5583,2828,2,0,3150,520,338,70,45,520,338,520,383,590,383,590,338
5584,2828,2,0,3066,711,330,73,42,711,330,711,372,784,372,784,330
5585,2829,2,0,2870,557,338,70,41,557,338,557,379,627,379,627,338
5586,2829,2,0,4029,793,326,79,51,793,326,793,377,872,377,872,326
5587,2829,1,0,1360,623,315,40,34,623,315,623,349,663,349,663,315
5588,2830,2,0,7119,867,319,113,63,867,319,867,382,980,382,980,319
5589,2830,2,0,4756,596,328,82,58,596,328,596,386,678,386,678,328
5590,2831,2,0,5670,153,375,81,70,153,375,153,445,234,445,234,375
5591,2831,2,0,4802,650,342,98,49,650,342,650,391,748,391,748,342
5592,2831,2,0,12540,996,316,132,95,996,316,996,411,1128,411,1128,316
5593,2831,1,0,2601,614,317,51,51,614,317,614,368,665,368,665,317
5594,2832,1,0,2756,608,321,52,53,608,321,608,374,660,374,660,321
5595,2832,2,0,7900,723,334,100,79,723,334,723,413,823,413,823,334
5596,2832,2,0,6660,135,393,111,60,135,393,135,453,246,453,246,393
5597,2833,4,0,3486,969,317,42,83,969,317,969,400,1011,400,1011,317
5598,2833,1,0,3782,823,319,62,61,823,319,823,380,885,380,885,319
5599,2833,2,0,2756,909,328,52,53,909,328,909,381,961,381,961,328
5600,2833,1,0,3472,742,321,56,62,742,321,742,383,798,383,798,321
5601,2833,2,0,3431,571,343,47,73,571,343,571,416,618,416,618,343
5602,2833,2,0,7935,1016,333,115,69,1016,333,1016,402,1131,402,1131,333
5603,2833,2,0,7296,653,383,76,96,653,383,653,479,729,479,729,383
5604,2833,1,0,7553,684,316,83,91,684,316,684,407,767,407,767,316
5605,2833,4,0,8260,660,304,59,140,660,304,660,444,719,444,719,304
5606,2834,4,0,101528,82,302,259,392,82,302,82,694,341,694,341,302
5607,2834,2,0,25584,595,345,123,208,595,345,595,553,718,553,718,345
5608,2834,1,0,27885,633,304,169,165,633,304,633,469,802,469,802,304
5609,2834,2,0,4370,800,345,95,46,800,345,800,391,895,391,895,345
5610,2834,2,0,71205,52,480,303,235,52,480,52,715,355,715,355,480
5611,2834,4,0,25016,578,278,106,236,578,278,578,514,684,514,684,278
5612,2835,2,0,10856,135,373,118,92,135,373,135,465,253,465,253,373
5613,2835,2,0,12282,825,320,138,89,825,320,825,409,963,409,963,320
5614,2836,1,0,2592,603,325,54,48,603,325,603,373,657,373,657,325
5615,2836,2,0,16435,977,324,173,95,977,324,977,419,1150,419,1150,324
5616,2836,2,0,12576,144,392,131,96,144,392,144,488,275,488,275,392
5617,2836,4,0,9088,1018,279,71,128,1018,279,1018,407,1089,407,1089,279
5618,2836,4,0,4968,183,362,46,108,183,362,183,470,229,470,229,362
5619,2837,1,0,2400,610,328,48,50,610,328,610,378,658,378,658,328
5620,2837,2,0,9360,172,395,117,80,172,395,172,475,289,475,289,395
5621,2838,1,0,3416,621,318,61,56,621,318,621,374,682,374,682,318
5622,2838,2,0,15648,175,391,163,96,175,391,175,487,338,487,338,391
5623,2839,1,0,3770,648,313,65,58,648,313,648,371,713,371,713,313
5624,2839,2,0,16952,225,387,163,104,225,387,225,491,388,491,388,387
5625,2840,1,0,3900,693,314,65,60,693,314,693,374,758,374,758,314
5626,2840,2,0,23400,283,366,180,130,283,366,283,496,463,496,463,366
5627,2841,1,0,4158,752,311,66,63,752,311,752,374,818,374,818,311
5628,2841,2,0,26598,353,361,186,143,353,361,353,504,539,504,539,361
5629,2842,2,0,31737,434,356,213,149,434,356,434,505,647,505,647,356
5630,2842,1,0,5106,831,300,74,69,831,300,831,369,905,369,905,300
5631,2842,2,0,2838,1153,297,43,66,1153,297,1153,363,1196,363,1196,297
5632,2843,1,0,6675,925,291,89,75,925,291,925,366,1014,366,1014,291
5633,2843,4,0,25564,560,307,154,166,560,307,560,473,714,473,714,307
5634,2843,2,0,33655,527,390,265,127,527,390,527,517,792,517,792,390
5635,2844,4,0,33142,703,293,146,227,703,293,703,520,849,520,849,293
5636,2844,1,0,7452,1044,292,92,81,1044,292,1044,373,1136,373,1136,292
5637,2844,2,0,28080,63,396,180,156,63,396,63,552,243,552,243,396
5638,2844,2,0,46332,667,396,297,156,667,396,667,552,964,552,964,396
5639,2845,4,0,97643,151,295,259,377,151,295,151,672,410,672,410,295
5640,2845,4,0,21090,601,282,95,222,601,282,601,504,696,504,696,282
5641,2845,2,0,17664,624,342,92,192,624,342,624,534,716,534,716,342
5642,2845,1,0,20449,656,305,143,143,656,305,656,448,799,448,799,305
5643,2845,2,0,3528,956,336,72,49,956,336,956,385,1028,385,1028,336
5644,2846,2,0,87912,810,367,396,222,810,367,810,589,1206,589,1206,367
5645,2846,2,0,31590,204,386,195,162,204,386,204,548,399,548,399,386
5646,2846,4,0,49583,876,267,179,277,876,267,876,544,1055,544,1055,267
5647,2846,1,0,6216,1196,283,84,74,1196,283,1196,357,1280,357,1280,283
5648,2847,2,0,39618,381,380,213,186,381,380,381,566,594,566,594,380
5649,2847,4,0,19491,425,311,89,219,425,311,425,530,514,530,514,311
5650,2848,4,0,33034,612,292,166,199,612,292,612,491,778,491,778,292
5651,2848,2,0,69678,569,389,294,237,569,389,569,626,863,626,863,389
5652,2849,2,0,155979,803,349,477,327,803,349,803,676,1280,676,1280,349
5653,2849,4,0,45087,924,252,113,399,924,252,924,651,1037,651,1037,252
5654,2850,1,0,1665,110,317,45,37,110,317,110,354,155,354,155,317
5655,2851,1,0,1739,222,292,47,37,222,292,222,329,269,329,269,292
5656,2852,1,0,1548,330,279,43,36,330,279,330,315,373,315,373,279
5657,2853,4,0,94686,207,294,258,367,207,294,207,661,465,661,465,294
5658,2853,2,0,18304,608,334,104,176,608,334,608,510,712,510,712,334
5659,2853,2,0,91773,181,385,309,297,181,385,181,682,490,682,490,385
5660,2853,2,0,3500,995,330,70,50,995,330,995,380,1065,380,1065,330
5661,2853,1,0,20022,647,305,142,141,647,305,647,446,789,446,789,305
5662,2853,2,0,2704,812,326,52,52,812,326,812,378,864,378,864,326
5663,2853,2,0,4420,1107,327,68,65,1107,327,1107,392,1175,392,1175,327
5664,2853,2,0,6232,1144,335,82,76,1144,335,1144,411,1226,411,1226,335
5665,2854,1,0,59570,852,117,322,185,852,117,852,302,1174,302,1174,117
5666,2854,1,0,1353,550,224,41,33,550,224,550,257,591,257,591,224
5667,2855,2,0,2438,807,305,46,53,807,305,807,358,853,358,853,305
5668,2855,1,0,1332,661,304,36,37,661,304,661,341,697,341,697,304
5669,2856,2,0,3015,829,302,45,67,829,302,829,369,874,369,874,302
5670,2856,1,0,1326,658,301,39,34,658,301,658,335,697,335,697,301
5671,2857,2,0,2926,862,293,38,77,862,293,862,370,900,370,900,293
5672,2857,2,0,4047,516,310,71,57,516,310,516,367,587,367,587,310
5673,2857,1,0,1978,652,292,43,46,652,292,652,338,695,338,695,292
5674,2858,2,0,5989,881,281,53,113,881,281,881,394,934,394,934,281
5675,2858,1,0,1880,643,291,47,40,643,291,643,331,690,331,690,291
5676,2859,4,0,74592,279,288,224,333,279,288,279,621,503,621,503,288
5677,2859,2,0,63196,269,410,259,244,269,410,269,654,528,654,528,410
5678,2859,2,0,17930,634,345,110,163,634,345,634,508,744,508,744,345
5679,2859,1,0,17420,649,311,134,130,649,311,649,441,783,441,783,311
5680,2859,4,0,19176,621,286,94,204,621,286,621,490,715,490,715,286
5681,2859,2,0,7505,1126,329,79,95,1126,329,1126,424,1205,424,1205,329
5682,2859,2,0,5888,1033,329,92,64,1033,329,1033,393,1125,393,1125,329
5683,2860,1,0,1886,634,303,46,41,634,303,634,344,680,344,680,303
5684,2860,2,0,9632,910,308,86,112,910,308,910,420,996,420,996,308
5685,2861,1,0,1404,627,318,39,36,627,318,627,354,666,354,666,318
5686,2861,2,0,23800,965,283,119,200,965,283,965,483,1084,483,1084,283
5687,2862,4,0,47304,1098,251,162,292,1098,251,1098,543,1260,543,1260,251
5688,2862,2,0,46215,1085,337,195,237,1085,337,1085,574,1280,574,1280,337
5689,2862,1,0,1722,612,317,42,41,612,317,612,358,654,358,654,317
5690,2863,1,0,2208,603,321,48,46,603,321,603,367,651,367,651,321
5691,2864,1,0,1845,595,322,45,41,595,322,595,363,640,363,640,322
5692,2864,2,0,9944,358,330,113,88,358,330,358,418,471,418,471,330
5693,2865,1,0,2112,585,320,48,44,585,320,585,364,633,364,633,320
5694,2866,4,0,55084,351,296,188,293,351,296,351,589,539,589,539,296
5695,2866,2,0,48076,315,437,238,202,315,437,315,639,553,639,553,437
5696,2866,2,0,4851,1026,337,99,49,1026,337,1026,386,1125,386,1125,337
5697,2866,2,0,6059,1099,351,83,73,1099,351,1099,424,1182,424,1182,351
5698,2866,2,0,9779,655,377,77,127,655,377,655,504,732,504,732,377
5699,2866,1,0,17280,643,310,135,128,643,310,643,438,778,438,778,310
5700,2867,1,0,2912,558,321,52,56,558,321,558,377,610,377,610,321
5701,2868,1,0,2703,558,333,53,51,558,333,558,384,611,384,611,333
5702,2869,1,0,2970,555,330,54,55,555,330,555,385,609,385,609,330
5703,2870,1,0,3968,544,319,62,64,544,319,544,383,606,383,606,319
5704,2871,1,0,4154,530,322,67,62,530,322,530,384,597,384,597,322
5705,2872,1,0,5082,512,331,77,66,512,331,512,397,589,397,589,331
5706,2873,1,0,6004,499,333,79,76,499,333,499,409,578,409,578,333
5707,2874,1,0,6225,478,332,83,75,478,332,478,407,561,407,561,332
5708,2875,1,0,8556,459,323,93,92,459,323,459,415,552,415,552,323
5709,2876,1,0,9991,442,321,103,97,442,321,442,418,545,418,545,321
5710,2877,4,0,45760,416,290,160,286,416,290,416,576,576,576,576,290
5711,2877,2,0,45526,382,408,221,206,382,408,382,614,603,614,603,408
5712,2877,1,0,17955,636,302,135,133,636,302,636,435,771,435,771,302
5713,2877,2,0,6480,1089,339,72,90,1089,339,1089,429,1161,429,1161,339
5714,2877,2,0,5760,1001,333,96,60,1001,333,1001,393,1097,393,1097,333
5715,2877,2,0,12300,663,341,82,150,663,341,663,491,745,491,745,341
5716,2878,1,0,18189,402,321,141,129,402,321,402,450,543,450,543,321
5717,2879,1,0,28985,342,316,187,155,342,316,342,471,529,471,529,316
5718,2880,1,0,69300,202,308,308,225,202,308,202,533,510,533,510,308
5719,2881,1,0,166579,0,289,449,371,0,289,0,660,449,660,449,289
5720,2882,1,0,148072,0,261,332,446,0,261,0,707,332,707,332,261
5721,2883,2,0,37240,452,400,190,196,452,400,452,596,642,596,642,400
5722,2883,4,0,37926,466,282,147,258,466,282,466,540,613,540,613,282
5723,2883,2,0,1176,794,328,28,42,794,328,794,370,822,370,822,328
5724,2883,2,0,6000,980,335,100,60,980,335,980,395,1080,395,1080,335
5725,2883,2,0,7372,1089,336,76,97,1089,336,1089,433,1165,433,1165,336
5726,2883,1,0,15678,634,309,134,117,634,309,634,426,768,426,768,309
5727,2883,2,0,11120,667,342,80,139,667,342,667,481,747,481,747,342
5728,2883,4,0,13013,655,291,77,169,655,291,655,460,732,460,732,291
5729,2884,2,0,2680,1032,308,40,67,1032,308,1032,375,1072,375,1072,308
5730,2884,2,0,3468,958,313,51,68,958,313,958,381,1009,381,1009,313
5731,2885,2,0,4316,962,312,52,83,962,312,962,395,1014,395,1014,312
5732,2885,4,0,3913,971,285,43,91,971,285,971,376,1014,376,1014,285
5733,2885,2,0,4674,1061,314,57,82,1061,314,1061,396,1118,396,1118,314
5734,2886,2,0,12441,985,330,87,143,985,330,985,473,1072,473,1072,330
5735,2886,4,0,4830,1019,273,42,115,1019,273,1019,388,1061,388,1061,273
5736,2886,4,0,4290,1154,273,39,110,1154,273,1154,383,1193,383,1193,273
5737,2886,2,0,13600,1136,322,100,136,1136,322,1136,458,1236,458,1236,322
5738,2887,4,0,38500,503,296,154,250,503,296,503,546,657,546,657,296
5739,2887,2,0,34144,487,393,176,194,487,393,487,587,663,587,663,393
5740,2887,4,0,144828,10,243,324,447,10,243,10,690,334,690,334,243
5741,2887,2,0,5141,965,341,97,53,965,341,965,394,1062,394,1062,341
5742,2887,2,0,5125,445,342,41,125,445,342,445,467,486,467,486,342
5743,2887,2,0,1560,803,322,30,52,803,322,803,374,833,374,833,322
5744,2887,2,0,11786,668,341,83,142,668,341,668,483,751,483,751,341
5745,2887,1,0,15375,643,306,125,123,643,306,643,429,768,429,768,306
5746,2887,2,0,10332,1096,331,84,123,1096,331,1096,454,1180,454,1180,331
5747,2887,2,0,5487,1184,333,93,59,1184,333,1184,392,1277,392,1277,333
5748,2888,4,0,106372,186,260,262,406,186,260,186,666,448,666,448,260
5749,2888,2,0,36288,523,346,162,224,523,346,523,570,685,570,685,346
5750,2888,2,0,5720,943,337,104,55,943,337,943,392,1047,392,1047,337
5751,2888,2,0,15087,1124,334,107,141,1124,334,1124,475,1231,475,1231,334
5752,2888,2,0,9800,672,344,70,140,672,344,672,484,742,484,742,344
5753,2888,2,0,1496,807,330,34,44,807,330,807,374,841,374,841,330
5754,2888,2,0,5115,470,350,55,93,470,350,470,443,525,443,525,350
5755,2888,2,0,131784,49,391,408,323,49,391,49,714,457,714,457,391
5756,2889,2,0,1380,744,336,30,46,744,336,744,382,774,382,774,336
5757,2890,2,0,3600,789,338,50,72,789,338,789,410,839,410,839,338
5758,2891,2,0,11921,889,337,91,131,889,337,889,468,980,468,980,337
5759,2892,4,0,79608,293,266,214,372,293,266,293,638,507,638,507,266
5760,2892,2,0,35420,545,356,161,220,545,356,545,576,706,576,706,356
5761,2892,2,0,6608,930,341,112,59,930,341,930,400,1042,400,1042,341
5762,2892,2,0,1222,820,332,26,47,820,332,820,379,846,379,846,332
5763,2892,2,0,9717,672,352,79,123,672,352,672,475,751,475,751,352
5764,2892,2,0,104006,194,368,322,323,194,368,194,691,516,691,516,368
5765,2892,4,0,21432,568,293,94,228,568,293,568,521,662,521,662,293
5766,2892,4,0,6063,689,293,47,129,689,293,689,422,736,422,736,293
5767,2892,2,0,16867,1179,333,101,167,1179,333,1179,500,1280,500,1280,333
5768,2892,2,0,7315,1089,329,95,77,1089,329,1089,406,1184,406,1184,329
5769,2893,1,0,4380,827,324,73,60,827,324,827,384,900,384,900,324
5770,2893,2,0,7546,658,379,77,98,658,379,658,477,735,477,735,379
5771,2893,2,0,6649,1038,335,109,61,1038,335,1038,396,1147,396,1147,335
5772,2893,1,0,3658,741,322,59,62,741,322,741,384,800,384,800,322
5773,2893,2,0,2624,569,358,41,64,569,358,569,422,610,422,610,358
5774,2893,1,0,7296,397,339,96,76,397,339,397,415,493,415,493,339
5775,2894,4,0,73000,362,280,200,365,362,280,362,645,562,645,562,280
5776,2894,2,0,37496,553,335,172,218,553,335,553,553,725,553,725,335
5777,2894,2,0,5782,941,341,98,59,941,341,941,400,1039,400,1039,341
5778,2894,2,0,6956,1067,330,94,74,1067,330,1067,404,1161,404,1161,330
5779,2894,2,0,48204,320,479,234,206,320,479,320,685,554,685,554,479
5780,2894,2,0,1656,824,332,36,46,824,332,824,378,860,378,860,332
5781,2895,4,0,30222,596,294,138,219,596,294,596,513,734,513,734,294
5782,2895,4,0,41978,440,281,151,278,440,281,440,559,591,559,591,281
5783,2895,2,0,1749,834,330,33,53,834,330,834,383,867,383,867,330
5784,2895,2,0,5500,942,341,100,55,942,341,942,396,1042,396,1042,341
5785,2895,2,0,6984,1046,331,97,72,1046,331,1046,403,1143,403,1143,331
5786,2895,2,0,68850,375,362,225,306,375,362,375,668,600,668,600,362
5787,2895,2,0,22356,615,350,108,207,615,350,615,557,723,557,723,350
5788,2895,2,0,6120,1195,334,85,72,1195,334,1195,406,1280,406,1280,334
5789,2896,2,0,2074,801,330,34,61,801,330,801,391,835,391,835,330
5790,2897,2,0,7150,860,321,65,110,860,321,860,431,925,431,925,321
5791,2898,2,0,26796,611,331,132,203,611,331,611,534,743,534,743,331
5792,2898,2,0,8236,1020,328,116,71,1020,328,1020,399,1136,399,1136,328
5793,2898,2,0,7592,944,331,104,73,944,331,944,404,1048,404,1048,331
5794,2898,4,0,34686,472,261,141,246,472,261,472,507,613,507,613,261
5795,2898,2,0,1530,847,331,30,51,847,331,847,382,877,382,877,331
5796,2898,2,0,8690,1170,328,110,79,1170,328,1170,407,1280,407,1280,328
5797,2898,4,0,21437,644,291,97,221,644,291,644,512,741,512,741,291
5798,2898,2,0,4998,431,360,49,102,431,360,431,462,480,462,480,360
5799,2898,2,0,62118,422,356,203,306,422,356,422,662,625,662,625,356
5800,2899,3,0,7224,359,379,86,84,359,379,359,463,445,463,445,379
5801,2900,4,0,13013,1075,283,77,169,1075,283,1075,452,1152,452,1152,283
5802,2901,4,0,33320,503,283,136,245,503,283,503,528,639,528,639,283
5803,2901,2,0,23427,620,346,137,171,620,346,620,517,757,517,757,346
5804,2901,2,0,5785,941,335,89,65,941,335,941,400,1030,400,1030,335
5805,2901,2,0,1620,849,329,30,54,849,329,849,383,879,383,879,329
5806,2901,2,0,989,767,328,23,43,767,328,767,371,790,371,790,328
5807,2901,2,0,8760,1017,330,120,73,1017,330,1017,403,1137,403,1137,330
5808,2901,2,0,9360,1156,317,104,90,1156,317,1156,407,1260,407,1260,317
5809,2901,2,0,10080,411,351,80,126,411,351,411,477,491,477,491,351
5810,2901,2,0,56055,462,354,185,303,462,354,462,657,647,657,647,354
5811,2901,4,0,18834,665,292,86,219,665,292,665,511,751,511,751,292
5812,2902,4,0,28329,553,275,133,213,553,275,553,488,686,488,686,275
5813,2902,4,0,27264,665,290,128,213,665,290,665,503,793,503,793,290
5814,2902,4,0,122835,0,276,285,431,0,276,0,707,285,707,285,276
5815,2902,2,0,7600,366,378,76,100,366,378,366,478,442,478,442,378
5816,2902,2,0,3960,970,329,55,72,970,329,970,401,1025,401,1025,329
5817,2902,2,0,10374,1005,328,133,78,1005,328,1005,406,1138,406,1138,328
5818,2902,2,0,12540,1138,317,132,95,1138,317,1138,412,1270,412,1270,317
5819,2902,2,0,3400,858,321,50,68,858,321,858,389,908,389,908,321
5820,2902,4,0,3400,858,321,50,68,858,321,858,389,908,389,908,321
5821,2902,2,0,50193,535,351,169,297,535,351,535,648,704,648,704,351
5822,2902,2,0,18304,690,342,104,176,690,342,690,518,794,518,794,342
5823,2902,2,0,86147,0,421,311,277,0,421,0,698,311,698,311,421
5824,2903,2,0,2013,842,323,33,61,842,323,842,384,875,384,875,323
5825,2903,1,0,986,760,322,34,29,760,322,760,351,794,351,794,322
5826,2904,1,0,1950,764,324,50,39,764,324,764,363,814,363,814,324
5827,2904,2,0,3542,894,331,46,77,894,331,894,408,940,408,940,331
5828,2905,1,0,4284,764,311,68,63,764,311,764,374,832,374,832,311
5829,2906,1,0,4758,781,318,78,61,781,318,781,379,859,379,859,318
5830,2907,1,0,10260,794,306,114,90,794,306,794,396,908,396,908,306
5831,2908,1,0,27470,832,300,205,134,832,300,832,434,1037,434,1037,300
5832,2909,1,0,95288,936,269,344,277,936,269,936,546,1280,546,1280,269
5833,2910,4,0,108619,62,282,263,413,62,282,62,695,325,695,325,282
5834,2910,4,0,33528,587,266,127,264,587,266,587,530,714,530,714,266
5835,2910,4,0,23968,700,281,107,224,700,281,700,505,807,505,807,281
5836,2910,2,0,36820,569,378,140,263,569,378,569,641,709,641,709,378
5837,2910,2,0,10160,1024,328,127,80,1024,328,1024,408,1151,408,1151,328
5838,2910,2,0,13708,1127,321,149,92,1127,321,1127,413,1276,413,1276,321
5839,2910,2,0,2924,874,329,43,68,874,329,874,397,917,397,917,329
5840,2910,2,0,7100,971,330,100,71,971,330,971,401,1071,401,1071,330
5841,2910,2,0,84250,5,470,337,250,5,470,5,720,342,720,342,470
5842,2910,2,0,18849,710,337,103,183,710,337,710,520,813,520,813,337
5843,2910,2,0,10395,352,364,77,135,352,364,352,499,429,499,429,364
5844,2911,4,0,87075,135,292,225,387,135,292,135,679,360,679,360,292
5845,2911,4,0,25347,723,291,119,213,723,291,723,504,842,504,842,291
5846,2911,2,0,32504,596,398,136,239,596,398,596,637,732,637,732,398
5847,2911,4,0,33596,617,283,148,227,617,283,617,510,765,510,765,283
5848,2911,2,0,77952,35,479,336,232,35,479,35,711,371,711,371,479
5849,2911,2,0,8235,343,364,61,135,343,364,343,499,404,499,404,364
5850,2911,2,0,19332,740,340,108,179,740,340,740,519,848,519,848,340
5851,2911,2,0,4284,891,328,51,84,891,328,891,412,942,412,942,328
5852,2911,2,0,12915,1157,313,123,105,1157,313,1157,418,1280,418,1280,313
5853,2911,2,0,11328,1042,329,118,96,1042,329,1042,425,1160,425,1160,329
5854,2911,2,0,8888,978,325,101,88,978,325,978,413,1079,413,1079,325
5855,2912,4,0,76184,194,285,214,356,194,285,194,641,408,641,408,285
5856,2912,2,0,32747,646,404,143,229,646,404,646,633,789,633,789,404
5857,2912,2,0,4345,467,347,79,55,467,347,467,402,546,402,546,347
5858,2912,4,0,29750,676,261,119,250,676,261,676,511,795,511,795,261
5859,2912,1,0,11424,594,308,102,112,594,308,594,420,696,420,696,308
5860,2912,4,0,23415,728,284,105,223,728,284,728,507,833,507,833,284
5861,2912,2,0,17010,760,339,105,162,760,339,760,501,865,501,865,339
5862,2912,2,0,5795,924,330,61,95,924,330,924,425,985,425,985,330
5863,2912,2,0,73984,157,400,256,289,157,400,157,689,413,689,413,400
5864,2912,2,0,11211,1169,321,111,101,1169,321,1169,422,1280,422,1280,321
5865,2912,2,0,12672,1057,320,132,96,1057,320,1057,416,1189,416,1189,320
5866,2912,2,0,9204,990,325,118,78,990,325,990,403,1108,403,1108,325
5867,2913,2,0,13362,1055,322,131,102,1055,322,1055,424,1186,424,1186,322
5868,2913,1,0,4824,837,323,72,67,837,323,837,390,909,390,909,323
5869,2913,1,0,4761,742,318,69,69,742,318,742,387,811,387,811,318
5870,2913,2,0,8284,662,378,76,109,662,378,662,487,738,487,738,378
5871,2913,2,0,24380,114,333,230,106,114,333,114,439,344,439,344,333
5872,2913,2,0,4505,554,341,53,85,554,341,554,426,607,426,607,341
5873,2913,1,0,7735,387,344,91,85,387,344,387,429,478,429,478,344
5874,2913,4,0,9638,666,297,61,158,666,297,666,455,727,455,727,297
5875,2913,3,0,22440,247,341,187,120,247,341,247,461,434,461,434,341
5876,2914,4,0,49179,276,293,169,291,276,293,276,584,445,584,445,293
5877,2914,4,0,29862,775,278,126,237,775,278,775,515,901,515,901,278
5878,2914,4,0,34160,712,258,140,244,712,258,712,502,852,502,852,258
5879,2914,2,0,33180,689,424,158,210,689,424,689,634,847,634,847,424
5880,2914,1,0,12321,600,303,111,111,600,303,600,414,711,414,711,303
5881,2914,2,0,10164,971,325,84,121,971,325,971,446,1055,446,1055,325
5882,2914,2,0,4340,509,346,70,62,509,346,509,408,579,408,579,346
5883,2914,2,0,10706,1179,318,101,106,1179,318,1179,424,1280,424,1280,318
5884,2914,2,0,11466,1079,327,126,91,1079,327,1079,418,1205,418,1205,327
5885,2914,2,0,64964,238,386,218,298,238,386,238,684,456,684,456,386
5886,2915,2,0,1368,803,328,24,57,803,328,803,385,827,385,827,328
5887,2916,4,0,43086,768,273,167,258,768,273,768,531,935,531,935,273
5888,2916,4,0,39634,330,302,149,266,330,302,330,568,479,568,479,302
5889,2916,2,0,34697,754,394,157,221,754,394,754,615,911,615,911,394
5890,2916,1,0,10152,609,305,94,108,609,305,609,413,703,413,703,305
5891,2916,2,0,23856,1028,318,142,168,1028,318,1028,486,1170,486,1170,318
5892,2916,2,0,38472,303,409,168,229,303,409,303,638,471,638,471,409
5893,2916,2,0,6156,682,334,57,108,682,334,682,442,739,442,739,334
5894,2917,2,0,6783,878,304,57,119,878,304,878,423,935,423,935,304
5895,2918,2,0,32900,1130,321,140,235,1130,321,1130,556,1270,556,1270,321
5896,2919,4,0,28919,397,307,121,239,397,307,397,546,518,546,518,307
5897,2919,4,0,44204,829,256,172,257,829,256,829,513,1001,513,1001,256
5898,2919,2,0,8455,1040,329,95,89,1040,329,1040,418,1135,418,1135,329
5899,2919,1,0,4260,759,313,71,60,759,313,759,373,830,373,830,313
5900,2919,1,0,10735,613,303,95,113,613,303,613,416,708,416,708,303
5901,2919,2,0,44874,825,354,162,277,825,354,825,631,987,631,987,354
5902,2919,2,0,4698,687,352,54,87,687,352,687,439,741,439,741,352
5903,2919,4,0,4232,692,300,46,92,692,300,692,392,738,392,738,300
5904,2919,2,0,28512,385,411,144,198,385,411,385,609,529,609,529,411
5905,2919,2,0,14725,274,387,95,155,274,387,274,542,369,542,369,387
5906,2919,4,0,12172,309,323,68,179,309,323,309,502,377,502,377,323
5907,2920,2,0,1850,710,334,37,50,710,334,710,384,747,384,747,334
5908,2921,4,0,36792,901,249,146,252,901,249,901,501,1047,501,1047,249
5909,2921,4,0,29400,438,299,120,245,438,299,438,544,558,544,558,299
5910,2921,2,0,6020,685,351,70,86,685,351,685,437,755,437,755,351
5911,2921,4,0,5225,694,298,55,95,694,298,694,393,749,393,749,298
5912,2921,2,0,2436,576,338,42,58,576,338,576,396,618,396,618,338
5913,2921,2,0,50445,880,331,171,295,880,331,880,626,1051,626,1051,331
5914,2921,1,0,4788,766,314,76,63,766,314,766,377,842,377,842,314
5915,2921,2,0,2664,840,322,36,74,840,322,840,396,876,396,876,322
5916,2921,2,0,17331,1120,322,159,109,1120,322,1120,431,1279,431,1279,322
5917,2921,2,0,13580,1062,322,140,97,1062,322,1062,419,1202,419,1202,322
5918,2921,1,0,8910,632,312,90,99,632,312,632,411,722,411,722,312
5919,2921,2,0,28296,435,365,131,216,435,365,435,581,566,581,566,365
5920,2921,2,0,20812,245,387,121,172,245,387,245,559,366,559,366,387
5921,2921,4,0,18920,288,321,86,220,288,321,288,541,374,541,374,321
5922,2922,4,0,41990,975,244,170,247,975,244,975,491,1145,491,1145,244
5923,2922,2,0,1820,900,328,28,65,900,328,900,393,928,393,928,328
5924,2922,1,0,4830,783,309,69,70,783,309,783,379,852,379,852,309
5925,2922,2,0,29232,952,408,144,203,952,408,952,611,1096,611,1096,408
5926,2922,4,0,20400,496,301,100,204,496,301,496,505,596,505,596,301
5927,2922,2,0,6424,687,351,73,88,687,351,687,439,760,439,760,351
5928,2922,2,0,3485,851,320,41,85,851,320,851,405,892,405,892,320
5929,2922,1,0,11312,638,306,112,101,638,306,638,407,750,407,750,306
5930,2922,2,0,22148,487,362,113,196,487,362,487,558,600,558,600,362
5931,2922,2,0,22491,222,385,119,189,222,385,222,574,341,574,341,385
5932,2922,4,0,20485,267,320,85,241,267,320,267,561,352,561,352,320
5933,2922,2,0,11097,96,407,81,137,96,407,96,544,177,544,177,407
5934,2922,2,0,7505,400,350,95,79,400,350,400,429,495,429,495,350
5935,2922,2,0,15618,1142,328,137,114,1142,328,1142,442,1279,442,1279,328
5936,2923,2,0,34565,1028,388,155,223,1028,388,1028,611,1183,611,1183,388
5937,2923,1,0,6336,783,316,88,72,783,316,783,388,871,388,871,316
5938,2923,4,0,18746,531,305,91,206,531,305,531,511,622,511,622,305
5939,2923,4,0,37872,1070,240,144,263,1070,240,1070,503,1214,503,1214,240
5940,2923,2,0,3360,915,319,40,84,915,319,915,403,955,403,955,319
5941,2923,2,0,5040,698,347,60,84,698,347,698,431,758,431,758,347
5942,2923,1,0,10716,645,307,114,94,645,307,645,401,759,401,759,307
5943,2923,2,0,26040,181,408,140,186,181,408,181,594,321,594,321,408
5944,2923,2,0,17819,522,362,103,173,522,362,522,535,625,535,625,362
5945,2923,2,0,4704,858,320,49,96,858,320,858,416,907,416,907,320
5946,2923,2,0,6536,443,349,86,76,443,349,443,425,529,425,529,349
5947,2923,4,0,20746,249,323,82,253,249,323,249,576,331,576,331,323
5948,2923,2,0,11135,62,415,85,131,62,415,62,546,147,546,147,415
5949,2924,1,0,6612,790,312,87,76,790,312,790,388,877,388,877,312
5950,2924,2,0,34749,1124,371,143,243,1124,371,1124,614,1267,614,1267,371
5951,2924,2,0,16320,554,308,85,192,554,308,554,500,639,500,639,308
5952,2924,2,0,4312,698,342,49,88,698,342,698,430,747,430,747,342
5953,2924,2,0,31886,158,397,149,214,158,397,158,611,307,611,307,397
5954,2924,4,0,29767,200,314,103,289,200,314,200,603,303,603,303,314
5955,2924,1,0,9595,659,308,101,95,659,308,659,403,760,403,760,308
5956,2924,2,0,6464,866,319,64,101,866,319,866,420,930,420,930,319
5957,2924,2,0,3666,926,320,47,78,926,320,926,398,973,398,973,320
5958,2924,4,0,25536,1184,237,96,266,1184,237,1184,503,1280,503,1280,237
5959,2925,4,0,149896,3,248,328,457,3,248,3,705,331,705,331,248
5960,2925,1,0,8160,796,310,102,80,796,310,796,390,898,390,898,310
5961,2925,2,0,6097,896,346,67,91,896,346,896,437,963,437,963,346
5962,2925,2,0,5616,679,347,72,78,679,347,679,425,751,425,751,347
5963,2925,2,0,4838,505,362,82,59,505,362,505,421,587,421,587,362
5964,2925,2,0,12838,1149,341,131,98,1149,341,1149,439,1280,439,1280,341
5965,2925,2,0,12218,575,362,82,149,575,362,575,511,657,511,657,362
5966,2925,1,0,9135,667,310,105,87,667,310,667,397,772,397,772,310
5967,2925,2,0,5356,942,311,52,103,942,311,942,414,994,414,994,311
5968,2926,4,0,122715,123,254,303,405,123,254,123,659,426,659,426,254
5969,2926,4,0,4524,535,326,52,87,535,326,535,413,587,413,587,326
5970,2926,4,0,15931,597,306,89,179,597,306,597,485,686,485,686,306
5971,2926,2,0,3690,704,345,45,82,704,345,704,427,749,427,749,345
5972,2926,2,0,8540,925,321,61,140,925,321,925,461,986,461,986,321
5973,2926,1,0,8658,808,316,111,78,808,316,808,394,919,394,919,316
5974,2926,2,0,4794,977,324,47,102,977,324,977,426,1024,426,1024,324
5975,2926,2,0,20196,1148,311,132,153,1148,311,1148,464,1280,464,1280,311
5976,2926,4,0,5184,936,273,48,108,936,273,936,381,984,381,984,273
5977,2926,2,0,15000,590,353,100,150,590,353,590,503,690,503,690,353
5978,2926,1,0,8415,678,309,99,85,678,309,678,394,777,394,777,309
5979,2926,2,0,99820,147,386,322,310,147,386,147,696,469,696,469,386
5980,2926,2,0,22194,68,415,81,274,68,415,68,689,149,689,149,415
5981,2927,4,0,91482,262,272,237,386,262,272,262,658,499,658,499,272
5982,2927,4,0,4940,703,302,52,95,703,302,703,397,755,397,755,302
5983,2927,2,0,12328,1146,343,134,92,1146,343,1146,435,1280,435,1280,343
5984,2927,1,0,10591,812,315,119,89,812,315,812,404,931,404,931,315
5985,2927,2,0,17819,959,311,103,173,959,311,959,484,1062,484,1062,311
5986,2927,2,0,58140,0,427,204,285,0,427,0,712,204,712,204,427
5987,2927,4,0,53298,67,318,141,378,67,318,67,696,208,696,208,318
5988,2927,2,0,82688,265,370,256,323,265,370,265,693,521,693,521,370
5989,2927,2,0,10458,616,364,83,126,616,364,616,490,699,490,699,364
5990,2927,2,0,3139,710,348,43,73,710,348,710,421,753,421,753,348
5991,2928,4,0,7260,1023,308,66,110,1023,308,1023,418,1089,418,1089,308
5992,2928,1,0,5846,746,315,79,74,746,315,746,389,825,389,825,315
5993,2928,4,0,9520,672,295,68,140,672,295,672,435,740,435,740,295
5994,2928,1,0,5829,842,320,87,67,842,320,842,387,929,387,929,320
5995,2928,2,0,7488,668,383,78,96,668,383,668,479,746,479,746,383
5996,2928,2,0,4960,541,347,62,80,541,347,541,427,603,427,603,347
5997,2928,1,0,30353,65,334,239,127,65,334,65,461,304,461,304,334
5998,2928,3,0,29054,209,333,199,146,209,333,209,479,408,479,408,333
5999,2928,1,0,12177,349,329,123,99,349,329,349,428,472,428,472,329
6000,2928,2,0,12852,1080,339,153,84,1080,339,1080,423,1233,423,1233,339
6001,2929,4,0,59796,352,271,198,302,352,271,352,573,550,573,550,271
6002,2929,4,0,4455,713,301,45,99,713,301,713,400,758,400,758,301
6003,2929,2,0,3381,710,349,49,69,710,349,710,418,759,418,759,349
6004,2929,1,0,13068,821,310,132,99,821,310,821,409,953,409,953,310
6005,2929,2,0,6313,640,367,59,107,640,367,640,474,699,474,699,367
6006,2929,4,0,5454,636,303,54,101,636,303,636,404,690,404,690,303
6007,2929,2,0,9801,179,392,121,81,179,392,179,473,300,473,300,392
6008,2929,2,0,28564,1025,344,148,193,1025,344,1025,537,1173,537,1173,344
6009,2929,4,0,16870,1039,253,70,241,1039,253,1039,494,1109,494,1109,253
6010,2929,2,0,61206,366,359,202,303,366,359,366,662,568,662,568,359
6011,2929,4,0,60738,2,317,159,382,2,317,2,699,161,699,161,317
6012,2929,4,0,5800,186,337,58,100,186,337,186,437,244,437,244,337
6013,2929,4,0,7952,1157,276,71,112,1157,276,1157,388,1228,388,1228,276
6014,2930,4,0,52510,416,271,178,295,416,271,416,566,594,566,594,271
6015,2930,2,0,1643,812,335,31,53,812,335,812,388,843,388,843,335
6016,2930,1,0,16478,838,305,154,107,838,305,838,412,992,412,992,305
6017,2930,4,0,36400,1151,224,104,350,1151,224,1151,574,1255,574,1255,224
6018,2930,2,0,47025,1115,323,165,285,1115,323,1115,608,1280,608,1280,323
6019,2930,2,0,31244,441,416,146,214,441,416,441,630,587,630,587,416
6020,2930,2,0,8584,653,357,74,116,653,357,653,473,727,473,727,357
6021,2930,2,0,4361,712,328,49,89,712,328,712,417,761,417,761,328
6022,2930,4,0,7236,666,301,54,134,666,301,666,435,720,435,720,301
6023,2930,1,0,6552,700,311,84,78,700,311,700,389,784,389,784,311
6024,2930,2,0,12078,162,379,122,99,162,379,162,478,284,478,284,379
6025,2930,4,0,9088,167,330,71,128,167,330,167,458,238,458,238,330
6026,2931,4,0,40552,478,285,148,274,478,285,478,559,626,559,626,285
6027,2931,4,0,6604,673,304,52,127,673,304,673,431,725,431,725,304
6028,2931,4,0,1770,734,308,30,59,734,308,734,367,764,367,764,308
6029,2931,4,0,3969,619,314,49,81,619,314,619,395,668,395,668,314
6030,2931,2,0,1568,819,331,28,56,819,331,819,387,847,387,847,331
6031,2931,4,0,10318,143,330,67,154,143,330,143,484,210,484,210,330
6032,2931,2,0,13400,135,382,134,100,135,382,135,482,269,482,269,382
6033,2931,2,0,23058,486,400,122,189,486,400,486,589,608,589,608,400
6034,2931,2,0,6552,669,362,63,104,669,362,669,466,732,466,732,362
6035,2931,1,0,6853,704,310,89,77,704,310,704,387,793,387,793,310
6036,2931,1,0,22500,844,301,180,125,844,301,844,426,1024,426,1024,301
6037,2931,1,0,14472,1079,324,134,108,1079,324,1079,432,1213,432,1213,324
6038,2931,4,0,8190,1111,279,65,126,1111,279,1111,405,1176,405,1176,279
6039,2932,4,0,28165,516,290,131,215,516,290,516,505,647,505,647,290
6040,2932,4,0,4944,727,304,48,103,727,304,727,407,775,407,775,304
6041,2932,4,0,5049,684,305,51,99,684,305,684,404,735,404,735,305
6042,2932,1,0,29172,863,299,204,143,863,299,863,442,1067,442,1067,299
6043,2932,2,0,2346,824,334,34,69,824,334,824,403,858,403,858,334
6044,2932,2,0,13780,112,384,130,106,112,384,112,490,242,490,242,384
6045,2932,2,0,6270,674,368,66,95,674,368,674,463,740,463,740,368
6046,2932,2,0,19665,520,396,115,171,520,396,520,567,635,567,635,396
6047,2932,2,0,11730,1061,323,115,102,1061,323,1061,425,1176,425,1176,323
6048,2932,4,0,10350,125,330,69,150,125,330,125,480,194,480,194,330
6049,2933,1,0,38640,884,290,240,161,884,290,884,451,1124,451,1124,290
6050,2933,2,0,6497,681,365,73,89,681,365,681,454,754,454,754,365
6051,2933,4,0,23712,545,289,114,208,545,289,545,497,659,497,659,289
6052,2933,2,0,2016,824,339,32,63,824,339,824,402,856,402,856,339
6053,2933,2,0,2378,748,350,41,58,748,350,748,408,789,408,789,350
6054,2933,2,0,14280,89,392,136,105,89,392,89,497,225,497,225,392
6055,2933,4,0,11534,97,329,73,158,97,329,97,487,170,487,170,329
6056,2933,2,0,16975,553,364,97,175,553,364,553,539,650,539,650,364
6057,2933,4,0,1725,753,304,23,75,753,304,753,379,776,379,776,304
6058,2933,4,0,4264,692,303,41,104,692,303,692,407,733,407,733,303
6059,2933,4,0,1700,660,311,25,68,660,311,660,379,685,379,685,311
6060,2934,4,0,6776,691,309,56,121,691,309,691,430,747,430,747,309
6061,2934,4,0,3320,759,310,40,83,759,310,759,393,799,393,799,310
6062,2934,2,0,22655,572,306,115,197,572,306,572,503,687,503,687,306
6063,2934,1,0,63550,907,278,310,205,907,278,907,483,1217,483,1217,278
6064,2934,2,0,2310,832,335,33,70,832,335,832,405,865,405,865,335
6065,2934,2,0,2726,752,352,47,58,752,352,752,410,799,410,799,352
6066,2934,2,0,4998,700,349,49,102,700,349,700,451,749,451,749,349
6067,2934,2,0,19278,59,379,153,126,59,379,59,505,212,505,212,379
6068,2934,4,0,10602,79,329,62,171,79,329,79,500,141,500,141,329
6069,2935,2,0,77120,960,280,320,241,960,280,960,521,1280,521,1280,280
6070,2935,2,0,22729,593,318,119,191,593,318,593,509,712,509,712,318
6071,2935,2,0,3034,770,333,41,74,770,333,770,407,811,407,811,333
6072,2935,2,0,5016,830,338,57,88,830,338,830,426,887,426,887,338
6073,2935,2,0,5088,705,315,48,106,705,315,705,421,753,421,753,315
6074,2935,2,0,1225,935,330,25,49,935,330,935,379,960,379,960,330
6075,2935,1,0,19481,36,394,161,121,36,394,36,515,197,515,197,394
6076,2935,4,0,12768,63,333,76,168,63,333,63,501,139,501,139,333
6077,2936,2,0,5742,834,336,66,87,834,336,834,423,900,423,900,336
6078,2936,1,0,78500,1030,270,250,314,1030,270,1030,584,1280,584,1280,270
6079,2936,2,0,4029,727,344,51,79,727,344,727,423,778,423,778,344
6080,2936,2,0,5376,969,316,56,96,969,316,969,412,1025,412,1025,316
6081,2936,2,0,1624,894,316,29,56,894,316,894,372,923,372,923,316
6082,2936,2,0,9936,642,348,69,144,642,348,642,492,711,492,711,348
6083,2936,2,0,19264,23,399,172,112,23,399,23,511,195,511,195,399
6084,2937,2,0,5760,854,350,64,90,854,350,854,440,918,440,918,350
6085,2937,2,0,3120,824,321,40,78,824,321,824,399,864,399,864,321
6086,2937,2,0,1972,933,320,34,58,933,320,933,378,967,378,967,320
6087,2937,2,0,2479,1032,324,37,67,1032,324,1032,391,1069,391,1069,324
6088,2937,2,0,4200,969,328,60,70,969,328,969,398,1029,398,1029,328
6089,2937,2,0,4005,756,337,45,89,756,337,756,426,801,426,801,337
6090,2937,2,0,6136,698,371,59,104,698,371,698,475,757,475,757,371
6091,2937,2,0,21896,41,393,161,136,41,393,41,529,202,529,202,393
6092,2938,2,0,2948,1097,327,44,67,1097,327,1097,394,1141,394,1141,327
6093,2938,2,0,7505,870,352,79,95,870,352,870,447,949,447,949,352
6094,2938,2,0,6188,660,337,68,91,660,337,660,428,728,428,728,337
6095,2938,2,0,4389,998,326,57,77,998,326,998,403,1055,403,1055,326
6096,2938,4,0,5278,895,293,58,91,895,293,895,384,953,384,953,293
6097,2938,2,0,10125,739,338,81,125,739,338,739,463,820,463,820,338
6098,2938,2,0,24320,53,387,160,152,53,387,53,539,213,539,213,387
6099,2938,4,0,15288,64,326,84,182,64,326,64,508,148,508,148,326
6100,2939,2,0,2050,682,362,41,50,682,362,682,412,723,412,723,362
6101,2939,1,0,24605,846,308,185,133,846,308,846,441,1031,441,1031,308
6102,2939,2,0,2278,765,333,34,67,765,333,765,400,799,400,799,333
6103,2939,2,0,1848,721,341,33,56,721,341,721,397,754,397,754,341
6104,2939,2,0,7869,570,344,61,129,570,344,570,473,631,473,631,344
6105,2939,4,0,7050,527,317,47,150,527,317,527,467,574,467,574,317
6106,2940,2,0,1196,618,346,23,52,618,346,618,398,641,398,641,346
6107,2940,1,0,26901,336,307,183,147,336,307,336,454,519,454,519,307
6108,2940,2,0,920,581,339,20,46,581,339,581,385,601,385,601,339
6109,2940,2,0,1890,539,347,35,54,539,347,539,401,574,401,574,347
6110,2941,1,0,44720,282,271,215,208,282,271,282,479,497,479,497,271
6111,2941,2,0,1890,535,336,30,63,535,336,535,399,565,399,565,336
6112,2941,2,0,1107,610,354,27,41,610,354,610,395,637,395,637,354
6113,2942,1,0,54718,227,286,251,218,227,286,227,504,478,504,478,286
6114,2942,2,0,1767,530,349,31,57,530,349,530,406,561,406,561,349
6115,2942,2,0,1296,610,343,24,54,610,343,610,397,634,397,634,343
6116,2943,1,0,81280,144,282,320,254,144,282,144,536,464,536,464,282
6117,2944,1,0,31416,790,295,204,154,790,295,790,449,994,449,994,295
6118,2944,1,0,37191,71,341,253,147,71,341,71,488,324,488,324,341
6119,2944,1,0,7446,639,315,102,73,639,315,639,388,741,388,741,315
6120,2944,2,0,8190,605,382,78,105,605,382,605,487,683,487,683,382
6121,2944,2,0,8827,1182,348,97,91,1182,348,1182,439,1279,439,1279,348
6122,2944,2,0,9968,1061,328,112,89,1061,328,1061,417,1173,417,1173,328
6123,2944,2,0,23250,365,357,125,186,365,357,365,543,490,543,490,357
6124,2944,2,0,2046,761,330,33,62,761,330,761,392,794,392,794,330
6125,2945,1,0,146598,1,285,461,318,1,285,1,603,462,603,462,285
6126,2946,2,0,2660,693,332,35,76,693,332,693,408,728,408,728,332
6127,2946,1,0,21392,136,323,191,112,136,323,136,435,327,435,327,323
6128,2947,2,0,2988,693,328,36,83,693,328,693,411,729,411,729,328
6129,2947,1,0,30480,27,322,240,127,27,322,27,449,267,449,267,322
6130,2948,2,0,2926,685,331,38,77,685,331,685,408,723,408,723,331
6131,2948,1,0,31464,2,300,184,171,2,300,2,471,186,471,186,300
6132,2949,2,0,3192,675,330,38,84,675,330,675,414,713,414,713,330
6133,2950,2,0,3160,672,338,40,79,672,338,672,417,712,417,712,338
6134,2951,2,0,3854,664,341,47,82,664,341,664,423,711,423,711,341
6135,2952,2,0,2562,667,360,42,61,667,360,667,421,709,421,709,360
6136,2953,1,0,30745,986,308,215,143,986,308,986,451,1201,451,1201,308
6137,2953,2,0,5795,867,349,61,95,867,349,867,444,928,444,928,349
6138,2953,4,0,4048,583,308,46,88,583,308,583,396,629,396,629,308
6139,2953,4,0,5439,307,333,49,111,307,333,307,444,356,444,356,333
6140,2953,2,0,5084,790,343,62,82,790,343,790,425,852,425,852,343
6141,2953,4,0,45496,106,322,121,376,106,322,106,698,227,698,227,322
6142,2953,2,0,71240,8,418,260,274,8,418,8,692,268,692,268,418
6143,2953,2,0,11004,275,381,131,84,275,381,275,465,406,465,406,381
6144,2953,2,0,4640,518,346,58,80,518,346,518,426,576,426,576,346
6145,2953,2,0,9462,566,371,83,114,566,371,566,485,649,485,649,371
6146,2953,4,0,2130,662,310,30,71,662,310,662,381,692,381,692,310
6147,2953,2,0,3225,657,354,43,75,657,354,657,429,700,429,700,354
6148,2953,1,0,6586,658,317,89,74,658,317,658,391,747,391,747,317
6149,2953,2,0,12969,962,335,99,131,962,335,962,466,1061,466,1061,335
6150,2954,2,0,4029,748,328,51,79,748,328,748,407,799,407,799,328
6151,2954,2,0,2275,676,339,35,65,676,339,676,404,711,404,711,339
6152,2955,4,0,39208,916,248,169,232,916,248,916,480,1085,480,1085,248
6153,2955,2,0,46080,906,336,180,256,906,336,906,592,1086,592,1086,336
6154,2955,2,0,4620,677,360,60,77,677,360,677,437,737,437,737,360
6155,2956,4,0,25760,868,287,115,224,868,287,868,511,983,511,983,287
6156,2956,2,0,4536,685,362,63,72,685,362,685,434,748,434,748,362
6157,2956,2,0,23625,866,370,135,175,866,370,866,545,1001,545,1001,370
6158,2956,1,0,23309,960,298,163,143,960,298,960,441,1123,441,1123,298
6159,2957,1,0,53392,940,281,284,188,940,281,940,469,1224,469,1224,281
6160,2957,2,0,5148,684,358,66,78,684,358,684,436,750,436,750,358
6161,2957,4,0,16016,839,289,104,154,839,289,839,443,943,443,943,289
6162,2957,2,0,11481,850,379,89,129,850,379,850,508,939,508,939,379
6163,2958,2,0,3825,643,330,45,85,643,330,643,415,688,415,688,330
6164,2958,2,0,91083,12,387,313,291,12,387,12,678,325,678,325,387
6165,2958,4,0,5760,490,288,45,128,490,288,490,416,535,416,535,288
6166,2958,3,0,15811,479,316,97,163,479,316,479,479,576,479,576,316
6167,2959,3,0,19350,438,287,90,215,438,287,438,502,528,502,528,287
6168,2959,2,0,4424,613,337,56,79,613,337,613,416,669,416,669,337
6169,2960,1,0,11466,726,317,117,98,726,317,726,415,843,415,843,317
6170,2960,1,0,6150,489,331,82,75,489,331,489,406,571,406,571,331
6171,2960,1,0,9170,904,297,131,70,904,297,904,367,1035,367,1035,297
6172,2960,2,0,1078,705,343,22,49,705,343,705,392,727,392,727,343
6173,2960,2,0,6741,592,333,63,107,592,333,592,440,655,440,655,333
6174,2960,2,0,8748,312,376,81,108,312,376,312,484,393,484,393,376
6175,2961,2,0,38766,1031,329,182,213,1031,329,1031,542,1213,542,1213,329
6176,2961,2,0,4988,710,322,58,86,710,322,710,408,768,408,768,322
6177,2961,2,0,4224,601,330,48,88,601,330,601,418,649,418,649,330
6178,2961,2,0,27081,192,386,153,177,192,386,192,563,345,563,345,386
6179,2962,2,0,5525,567,339,65,85,567,339,567,424,632,424,632,339
6180,2962,2,0,4292,683,332,58,74,683,332,683,406,741,406,741,332
6181,2963,1,0,88920,920,288,360,247,920,288,920,535,1280,535,1280,288
6182,2963,4,0,4268,418,343,44,97,418,343,418,440,462,440,462,343
6183,2963,1,0,12000,538,310,120,100,538,310,538,410,658,410,658,310
6184,2963,2,0,20280,207,394,120,169,207,394,207,563,327,563,327,394
6185,2963,2,0,5460,850,338,60,91,850,338,850,429,910,429,910,338
6186,2963,2,0,5487,404,375,93,59,404,375,404,434,497,434,497,375
6187,2963,4,0,3360,508,333,42,80,508,333,508,413,550,413,550,333
6188,2963,2,0,3082,502,366,46,67,502,366,502,433,548,433,548,366
6189,2963,4,0,12225,233,344,75,163,233,344,233,507,308,507,308,344
6190,2963,2,0,7315,681,337,77,95,681,337,681,432,758,432,758,337
6191,2963,1,0,1392,756,330,48,29,756,330,756,359,804,359,804,330
6192,2964,1,0,23030,900,310,235,98,900,310,900,408,1135,408,1135,310
6193,2964,4,0,1876,520,320,28,67,520,320,520,387,548,387,548,320
6194,2964,2,0,4514,609,346,61,74,609,346,609,420,670,420,670,346
6195,2964,4,0,2028,621,322,39,52,621,322,621,374,660,374,660,322
6196,2964,2,0,3648,851,331,48,76,851,331,851,407,899,407,899,331
6197,2964,1,0,36400,1072,222,208,175,1072,222,1072,397,1280,397,1280,222
6198,2965,1,0,2024,767,319,46,44,767,319,767,363,813,363,813,319
6199,2965,1,0,7216,676,314,82,88,676,314,676,402,758,402,758,314
6200,2965,2,0,8845,595,356,61,145,595,356,595,501,656,501,656,356
6201,2965,2,0,4141,642,332,41,101,642,332,642,433,683,433,683,332
6202,2966,2,0,41567,1037,369,197,211,1037,369,1037,580,1234,580,1234,369
6203,2966,2,0,6930,687,315,70,99,687,315,687,414,757,414,757,315
6204,2966,2,0,5940,936,342,60,99,936,342,936,441,996,441,996,342
6205,2966,1,0,2070,771,329,46,45,771,329,771,374,817,374,817,329
6206,2966,4,0,25700,1075,266,100,257,1075,266,1075,523,1175,523,1175,266
6207,2966,1,0,4092,834,315,66,62,834,315,834,377,900,377,900,315
6208,2966,1,0,19817,485,304,149,133,485,304,485,437,634,437,634,304
6209,2966,2,0,8260,419,355,70,118,419,355,419,473,489,473,489,355
6210,2966,4,0,6716,311,335,46,146,311,335,311,481,357,481,357,335
6211,2966,2,0,11776,283,388,128,92,283,388,283,480,411,480,411,388
6212,2967,2,0,2695,472,348,49,55,472,348,472,403,521,403,521,348
6213,2968,2,0,5225,885,324,55,95,885,324,885,419,940,419,940,324
6214,2968,2,0,7810,983,337,71,110,983,337,983,447,1054,447,1054,337
6215,2969,2,0,7128,941,349,72,99,941,349,941,448,1013,448,1013,349
6216,2969,2,0,28305,1119,336,153,185,1119,336,1119,521,1272,521,1272,336
6217,2969,4,0,15265,1137,276,71,215,1137,276,1137,491,1208,491,1208,276
6218,2970,1,0,6603,749,321,93,71,749,321,749,392,842,392,842,321
6219,2970,1,0,78325,208,271,325,241,208,271,208,512,533,512,533,271
6220,2970,1,0,5103,808,309,81,63,808,309,808,372,889,372,889,309
6221,2970,1,0,1190,708,322,34,35,708,322,708,357,742,357,742,322
6222,2970,2,0,47425,0,382,175,271,0,382,0,653,175,653,175,382
6223,2970,1,0,2958,532,324,58,51,532,324,532,375,590,375,590,324
6224,2970,2,0,4872,627,321,58,84,627,321,627,405,685,405,685,321
6225,2970,4,0,14691,109,314,83,177,109,314,109,491,192,491,192,314
6226,2971,2,0,9880,563,337,76,130,563,337,563,467,639,467,639,337
6227,2972,1,0,16016,855,307,143,112,855,307,855,419,998,419,998,307
6228,2972,1,0,12876,484,315,116,111,484,315,484,426,600,426,600,315
6229,2972,1,0,23217,1007,306,213,109,1007,306,1007,415,1220,415,1220,306
6230,2972,2,0,6090,675,320,70,87,675,320,675,407,745,407,745,320
6231,2973,1,0,34176,823,276,192,178,823,276,823,454,1015,454,1015,276
6232,2973,4,0,6820,700,303,55,124,700,303,700,427,755,427,755,303
6233,2973,2,0,8816,700,330,76,116,700,330,700,446,776,446,776,330
6234,2973,2,0,29746,255,380,214,139,255,380,255,519,469,519,469,380
6235,2973,4,0,10304,332,337,56,184,332,337,332,521,388,521,388,337
6236,2973,4,0,10123,275,324,53,191,275,324,275,515,328,515,328,324
6237,2974,1,0,46330,845,278,226,205,845,278,845,483,1071,483,1071,278
6238,2974,4,0,7440,728,301,60,124,728,301,728,425,788,425,788,301
6239,2974,4,0,24750,245,334,125,198,245,334,245,532,370,532,370,334
6240,2974,2,0,37464,231,381,223,168,231,381,231,549,454,549,454,381
6241,2974,2,0,8910,710,340,90,99,710,340,710,439,800,439,800,340
6242,2975,1,0,73373,853,259,307,239,853,259,853,498,1160,498,1160,259
6243,2975,4,0,26312,219,348,143,184,219,348,219,532,362,532,362,348
6244,2975,2,0,9159,748,291,71,129,748,291,748,420,819,420,819,291
6245,2975,2,0,40200,174,403,268,150,174,403,174,553,442,553,442,403
6246,2976,1,0,106920,884,251,396,270,884,251,884,521,1280,521,1280,251
6247,2976,4,0,9694,788,266,74,131,788,266,788,397,862,397,862,266
6248,2976,4,0,28356,170,334,139,204,170,334,170,538,309,538,309,334
6249,2976,2,0,51894,124,384,279,186,124,384,124,570,403,570,403,384
6250,2976,3,0,51894,124,384,279,186,124,384,124,570,403,570,403,384
6251,2976,4,0,12932,148,335,61,212,148,335,148,547,209,547,209,335
6252,2976,2,0,7380,791,318,82,90,791,318,791,408,873,408,873,318
6253,2977,4,0,34086,136,341,138,247,136,341,136,588,274,588,274,341
6254,2977,1,0,125664,906,236,374,336,906,236,906,572,1280,572,1280,236
6255,2977,4,0,25080,64,322,110,228,64,322,64,550,174,550,174,322
6256,2977,4,0,5488,838,266,49,112,838,266,838,378,887,378,887,266
6257,2977,2,0,7505,840,302,79,95,840,302,840,397,919,397,919,302
6258,2977,2,0,62115,63,399,303,205,63,399,63,604,366,604,366,399
6259,2978,4,0,51336,25,342,184,279,25,342,25,621,209,621,209,342
6260,2978,1,0,152424,932,214,348,438,932,214,932,652,1280,652,1280,214
6261,2978,2,0,67362,0,417,309,218,0,417,0,635,309,635,309,417
6262,2978,4,0,3876,901,252,38,102,901,252,901,354,939,354,939,252
6263,2979,1,0,136529,969,189,311,439,969,189,969,628,1280,628,1280,189
6264,2979,2,0,48837,0,427,223,219,0,427,0,646,223,646,223,427
6265,2980,2,0,21120,1063,313,192,110,1063,313,1063,423,1255,423,1255,313
6266,2980,2,0,9594,506,346,123,78,506,346,506,424,629,424,629,346
6267,2980,2,0,6808,335,341,92,74,335,341,335,415,427,415,427,341
6268,2980,2,0,3416,101,355,56,61,101,355,101,416,157,416,157,355
6269,2980,4,0,3410,1087,268,31,110,1087,268,1087,378,1118,378,1118,268
6270,2980,4,0,6758,1118,288,62,109,1118,288,1118,397,1180,397,1180,288
6271,2980,4,0,4590,535,298,45,102,535,298,535,400,580,400,580,298
6272,2980,4,0,3600,341,318,48,75,341,318,341,393,389,393,389,318
6273,2981,1,0,30155,380,294,185,163,380,294,380,457,565,457,565,294
6274,2981,2,0,7089,1020,305,51,139,1020,305,1020,444,1071,444,1071,305
6275,2981,2,0,2790,884,339,45,62,884,339,884,401,929,401,929,339
6276,2982,1,0,39220,312,292,212,185,312,292,312,477,524,477,524,292
6277,2982,2,0,23085,1145,349,135,171,1145,349,1145,520,1280,520,1280,349
6278,2982,2,0,4560,919,343,57,80,919,343,919,423,976,423,976,343
6279,2982,2,0,3240,880,330,54,60,880,330,880,390,934,390,934,330
6280,2983,1,0,147854,0,252,413,358,0,252,0,610,413,610,413,252
6281,2983,4,0,13740,1220,287,60,229,1220,287,1220,516,1280,516,1280,287
6282,2983,4,0,9792,1179,292,51,192,1179,292,1179,484,1230,484,1230,292
6283,2983,2,0,6900,998,337,69,100,998,337,998,437,1067,437,1067,337
6284,2983,2,0,1802,869,337,34,53,869,337,869,390,903,390,903,337
6285,2983,2,0,1188,799,331,27,44,799,331,799,375,826,375,826,331
6286,2983,2,0,2944,684,324,46,64,684,324,684,388,730,388,730,324
6287,2983,2,0,558,832,330,18,31,832,330,832,361,850,361,850,330
6288,2983,2,0,500,783,335,20,25,783,335,783,360,803,360,803,335
6289,2983,2,0,405,751,330,15,27,751,330,751,357,766,357,766,330
6290,2983,2,0,630,773,326,18,35,773,326,773,361,791,361,791,326
6291,2984,1,0,9592,768,304,109,88,768,304,768,392,877,392,877,304
6292,2984,1,0,27738,889,291,201,138,889,291,889,429,1090,429,1090,291
6293,2984,2,0,18079,532,352,101,179,532,352,532,531,633,531,633,352
6294,2984,4,0,24165,509,301,135,179,509,301,509,480,644,480,644,301
6295,2985,1,0,66454,982,267,298,223,982,267,982,490,1280,490,1280,267
6296,2985,2,0,16060,545,378,110,146,545,378,545,524,655,524,655,378
6297,2985,1,0,18392,796,287,152,121,796,287,796,408,948,408,948,287
6298,2985,4,0,19968,546,304,96,208,546,304,546,512,642,512,642,304
6299,2986,1,0,41825,816,279,239,175,816,279,816,454,1055,454,1055,279
6300,2986,4,0,23175,538,299,103,225,538,299,538,524,641,524,641,299
6301,2986,2,0,17856,573,350,93,192,573,350,573,542,666,542,666,350
6302,2987,1,0,118944,867,241,413,288,867,241,867,529,1280,529,1280,241
6303,2987,4,0,23052,562,296,102,226,562,296,562,522,664,522,664,296
6304,2987,2,0,15958,576,378,101,158,576,378,576,536,677,536,677,378
6305,2988,1,0,23427,779,251,171,137,779,251,779,388,950,388,950,251
6306,2988,4,0,4181,1129,285,37,113,1129,285,1129,398,1166,398,1166,285
6307,2989,1,0,17292,496,301,131,132,496,301,496,433,627,433,627,301
6308,2990,1,0,62510,806,181,266,235,806,181,806,416,1072,416,1072,181
6309,2991,1,0,201537,839,54,441,457,839,54,839,511,1280,511,1280,54
6310,2992,1,0,160580,0,273,434,370,0,273,0,643,434,643,434,273
6311,2992,2,0,3952,758,338,52,76,758,338,758,414,810,414,810,338
6312,2993,2,0,3432,850,328,52,66,850,328,850,394,902,394,902,328
6313,2994,2,0,345730,1459,300,449,770,1459,300,1459,1070,1908,1070,1908,300
6314,2994,4,0,236307,1563,104,347,681,1563,104,1563,785,1910,785,1910,104
6315,2995,2,0,113162,1256,368,274,413,1256,368,1256,781,1530,781,1530,368
6316,2995,4,0,85905,1308,213,207,415,1308,213,1308,628,1515,628,1515,213
6317,2996,2,0,3280,1029,347,41,80,1029,347,1029,427,1070,427,1070,347
6318,2997,2,0,8910,735,355,81,110,735,355,735,465,816,465,816,355
6319,2997,2,0,15100,966,319,100,151,966,319,966,470,1066,470,1066,319
6320,2997,4,0,10230,761,254,62,165,761,254,761,419,823,419,823,254
6321,2997,4,0,13188,977,239,84,157,977,239,977,396,1061,396,1061,239
6322,2998,2,0,9760,735,359,80,122,735,359,735,481,815,481,815,359
6323,2998,2,0,14850,963,319,99,150,963,319,963,469,1062,469,1062,319
6324,2998,4,0,13035,978,241,79,165,978,241,978,406,1057,406,1057,241
6325,2998,4,0,10800,742,255,72,150,742,255,742,405,814,405,814,255
6326,2999,4,0,13528,967,230,76,178,967,230,967,408,1043,408,1043,230
6327,2999,2,0,14600,962,323,100,146,962,323,962,469,1062,469,1062,323
6328,2999,2,0,18281,699,316,101,181,699,316,699,497,800,497,800,316
6329,2999,4,0,17056,718,235,82,208,718,235,718,443,800,443,800,235
6330,3000,4,0,40552,489,214,148,274,489,214,489,488,637,488,637,214
6331,3000,4,0,14062,815,235,79,178,815,235,815,413,894,413,894,235
6332,3001,4,0,32760,433,206,130,252,433,206,433,458,563,458,563,206
6333,3001,4,0,12312,781,230,76,162,781,230,781,392,857,392,857,230
6334,3002,4,0,66816,1390,231,192,348,1390,231,1390,579,1582,579,1582,231
6335,3002,2,0,49044,1364,391,201,244,1364,391,1364,635,1565,635,1565,391
6336,3002,2,0,3393,1002,329,39,87,1002,329,1002,416,1041,416,1041,329
6337,3002,2,0,1568,1310,362,32,49,1310,362,1310,411,1342,411,1342,362
6338,3002,4,0,3852,1331,309,36,107,1331,309,1331,416,1367,416,1367,309
6339,3003,2,0,22116,762,282,114,194,762,282,762,476,876,476,876,282
6340,3004,4,0,16195,803,213,79,205,803,213,803,418,882,418,882,213
6341,3005,4,0,16830,800,203,85,198,800,203,800,401,885,401,885,203
6342,3006,2,0,211750,1508,269,385,550,1508,269,1508,819,1893,819,1893,269
6343,3006,2,0,67840,614,315,212,320,614,315,614,635,826,635,826,315
6344,3006,4,0,84888,1585,138,162,524,1585,138,1585,662,1747,662,1747,138
6345,3006,4,0,43875,670,175,125,351,670,175,670,526,795,526,795,175
6346,3007,2,0,22002,1252,346,114,193,1252,346,1252,539,1366,539,1366,346
6347,3007,4,0,20580,1275,264,98,210,1275,264,1275,474,1373,474,1373,264
6348,3008,2,0,76725,537,320,225,341,537,320,537,661,762,661,762,320
6349,3008,4,0,86000,552,156,215,400,552,156,552,556,767,556,767,156
6350,3008,3,0,9720,798,267,90,108,798,267,798,375,888,375,888,267
6351,3008,3,0,5841,1003,274,59,99,1003,274,1003,373,1062,373,1062,274
6352,3009,2,0,91500,439,329,244,375,439,329,439,704,683,704,683,329
6353,3009,4,0,87125,478,142,205,425,478,142,478,567,683,567,683,142
6354,3009,3,0,13464,768,258,99,136,768,258,768,394,867,394,867,258
6355,3009,3,0,7412,989,273,68,109,989,273,989,382,1057,382,1057,273
6356,3010,3,0,340858,1354,148,502,679,1354,148,1354,827,1856,827,1856,148
6357,3010,3,0,56882,531,232,239,238,531,232,531,470,770,470,770,232
6358,3011,3,0,87600,454,202,292,300,454,202,454,502,746,502,746,202
6359,3012,3,0,123546,352,195,354,349,352,195,352,544,706,544,706,195
6360,3013,3,0,256373,84,146,533,481,84,146,84,627,617,627,617,146
6361,3014,3,0,378416,0,70,536,706,0,70,0,776,536,776,536,70
6362,3015,2,0,5995,1210,297,55,109,1210,297,1210,406,1265,406,1265,297
6363,3016,2,0,8777,1252,296,67,131,1252,296,1252,427,1319,427,1319,296
6364,3017,2,0,206108,1405,371,433,476,1405,371,1405,847,1838,847,1838,371
6365,3017,4,0,194959,1469,88,331,589,1469,88,1469,677,1800,677,1800,88
6366,3017,4,0,14640,1374,245,80,183,1374,245,1374,428,1454,428,1454,245
6367,3017,2,0,25088,1357,293,128,196,1357,293,1357,489,1485,489,1485,293
6368,3018,4,0,75012,1198,180,188,399,1198,180,1198,579,1386,579,1386,180
6369,3018,2,0,60979,1183,334,211,289,1183,334,1183,623,1394,623,1394,334
6370,3018,4,0,49068,1758,206,141,348,1758,206,1758,554,1899,554,1899,206
6371,3018,2,0,66144,1708,335,212,312,1708,335,1708,647,1920,647,1920,335
6372,3019,4,0,30380,1577,221,98,310,1577,221,1577,531,1675,531,1675,221
6373,3019,4,0,2822,972,264,34,83,972,264,972,347,1006,347,1006,264
6374,3020,2,0,54600,1153,387,200,273,1153,387,1153,660,1353,660,1353,387
6375,3020,4,0,49800,1193,243,150,332,1193,243,1193,575,1343,575,1343,243
6376,3021,2,0,59853,1521,317,213,281,1521,317,1521,598,1734,598,1734,317
6377,3021,4,0,30303,1575,192,91,333,1575,192,1575,525,1666,525,1666,192
6378,3022,2,0,7102,1118,312,67,106,1118,312,1118,418,1185,418,1185,312
6379,3023,2,0,16182,1231,283,87,186,1231,283,1231,469,1318,469,1318,283
6380,3024,4,0,95742,1528,208,243,394,1528,208,1528,602,1771,602,1771,208
6381,3025,2,0,16100,1353,278,100,161,1353,278,1353,439,1453,439,1453,278
6382,3026,4,0,85371,1603,132,199,429,1603,132,1603,561,1802,561,1802,132
6383,3026,2,0,105559,1574,261,283,373,1574,261,1574,634,1857,634,1857,261
6384,3027,4,0,13667,1419,292,79,173,1419,292,1419,465,1498,465,1498,292
6385,3028,2,0,12784,1317,281,94,136,1317,281,1317,417,1411,417,1411,281
6386,3028,4,0,8442,1335,232,63,134,1335,232,1335,366,1398,366,1398,232
6387,3029,2,0,54912,1563,259,192,286,1563,259,1563,545,1755,545,1755,259
6388,3029,4,0,36708,1577,165,138,266,1577,165,1577,431,1715,431,1715,165
6389,3030,3,0,14570,1402,302,94,155,1402,302,1402,457,1496,457,1496,302
6390,3030,3,0,8510,1293,296,74,115,1293,296,1293,411,1367,411,1367,296
6391,3030,4,0,8366,1423,228,47,178,1423,228,1423,406,1470,406,1470,228
6392,3030,4,0,6700,1315,235,50,134,1315,235,1315,369,1365,369,1365,235
6393,3031,3,0,32032,1616,325,154,208,1616,325,1616,533,1770,533,1770,325
6394,3031,4,0,28700,1624,210,100,287,1624,210,1624,497,1724,497,1724,210
6395,3031,4,0,14399,1391,221,77,187,1391,221,1391,408,1468,408,1468,221
6396,3031,3,0,13617,1391,296,89,153,1391,296,1391,449,1480,449,1480,296
6397,3032,3,0,44454,1582,289,186,239,1582,289,1582,528,1768,528,1768,289
6398,3032,4,0,42900,1597,164,143,300,1597,164,1597,464,1740,464,1740,164
6399,3032,2,0,4346,1127,285,53,82,1127,285,1127,367,1180,367,1180,285
6400,3033,2,0,8687,1151,270,73,119,1151,270,1151,389,1224,389,1224,270
6401,3034,4,0,15678,1516,281,78,201,1516,281,1516,482,1594,482,1594,281
6402,3034,2,0,13818,1435,338,98,141,1435,338,1435,479,1533,479,1533,338
6403,3035,2,0,57936,1369,252,204,284,1369,252,1369,536,1573,536,1573,252
6404,3035,4,0,37128,1391,170,119,312,1391,170,1391,482,1510,482,1510,170
6405,3036,2,0,25650,1357,351,150,171,1357,351,1357,522,1507,522,1507,351
6406,3036,2,0,6848,252,123,64,107,252,123,252,230,316,230,316,123
6407,3037,2,0,10400,495,135,80,130,495,135,495,265,575,265,575,135
6408,3038,2,0,15865,743,175,95,167,743,175,743,342,838,342,838,175
6409,3039,4,0,34104,1096,182,116,294,1096,182,1096,476,1212,476,1212,182
6410,3040,2,0,34034,1109,357,154,221,1109,357,1109,578,1263,578,1263,357
6411,3040,4,0,27032,1136,266,109,248,1136,266,1136,514,1245,514,1245,266
6412,3041,2,0,30690,1581,325,155,198,1581,325,1581,523,1736,523,1736,325
6413,3041,4,0,23400,1720,271,90,260,1720,271,1720,531,1810,531,1810,271
6414,3042,3,0,9246,880,297,67,138,880,297,880,435,947,435,947,297
6415,3043,3,0,11583,904,308,81,143,904,308,904,451,985,451,985,308
6416,3044,3,0,15980,937,302,94,170,937,302,937,472,1031,472,1031,302
6417,3045,3,0,16461,996,320,93,177,996,320,996,497,1089,497,1089,320
6418,3046,3,0,21079,1081,342,107,197,1081,342,1081,539,1188,539,1188,342
6419,3046,4,0,17340,1115,264,68,255,1115,264,1115,519,1183,519,1183,264
6420,3047,2,0,38220,1191,361,156,245,1191,361,1191,606,1347,606,1347,361
6421,3047,4,0,34452,1220,266,116,297,1220,266,1220,563,1336,563,1336,266
6422,3048,4,0,75456,1418,252,192,393,1418,252,1418,645,1610,645,1610,252
6423,3048,3,0,82433,1404,373,221,373,1404,373,1404,746,1625,746,1625,373
6424,3049,3,0,64680,370,207,220,294,370,207,370,501,590,501,590,207
6425,3050,4,0,272190,1462,47,430,633,1462,47,1462,680,1892,680,1892,47
6426,3050,2,0,205205,1384,430,451,455,1384,430,1384,885,1835,885,1835,430
6427,3050,3,0,96824,240,171,247,392,240,171,240,563,487,563,487,171
6428,3051,1,0,8740,969,275,92,95,969,275,969,370,1061,370,1061,275
6429,3051,2,0,28416,1171,309,128,222,1171,309,1171,531,1299,531,1299,309
6430,3051,4,0,16643,1193,248,89,187,1193,248,1193,435,1282,435,1282,248
6431,3051,1,0,5712,925,274,68,84,925,274,925,358,993,358,993,274
6432,3052,1,0,12508,1008,273,118,106,1008,273,1008,379,1126,379,1126,273
6433,3053,1,0,18894,1024,263,141,134,1024,263,1024,397,1165,397,1165,263
6434,3054,1,0,63568,1122,240,274,232,1122,240,1122,472,1396,472,1396,240
6435,3054,1,0,24633,1011,264,153,161,1011,264,1011,425,1164,425,1164,264
6436,3055,1,0,125248,1193,229,412,304,1193,229,1193,533,1605,533,1605,229
6437,3055,1,0,36456,1054,254,186,196,1054,254,1054,450,1240,450,1240,254
6438,3056,4,0,154070,1256,151,310,497,1256,151,1256,648,1566,648,1566,151
6439,3056,3,0,198320,0,131,370,536,0,131,0,667,370,667,370,131
6440,3057,1,0,282381,1308,177,597,473,1308,177,1308,650,1905,650,1905,177
6441,3057,1,0,80896,1099,228,316,256,1099,228,1099,484,1415,484,1415,228
6442,3058,1,0,175100,1185,217,515,340,1185,217,1185,557,1700,557,1700,217
6443,3059,1,0,306555,1385,162,535,573,1385,162,1385,735,1920,735,1920,162
6444,3059,1,0,80898,1183,224,278,291,1183,224,1183,515,1461,515,1461,224
6445,3060,1,0,264373,1323,185,571,463,1323,185,1323,648,1894,648,1894,185
6446,3061,2,0,53261,1186,391,221,241,1186,391,1186,632,1407,632,1407,391
6447,3061,4,0,83712,1209,187,218,384,1209,187,1209,571,1427,571,1427,187
6448,3062,1,0,72324,17,122,252,287,17,122,17,409,269,409,269,122
6449,3063,4,0,53938,1155,183,181,298,1155,183,1155,481,1336,481,1336,183
6450,3063,2,0,40356,1151,336,171,236,1151,336,1151,572,1322,572,1322,336
6451,3064,4,0,23184,467,210,84,276,467,210,467,486,551,486,551,210
6452,3064,3,0,38916,522,313,207,188,522,313,522,501,729,501,729,313
6453,3064,1,0,4380,871,287,60,73,871,287,871,360,931,360,931,287
6454,3064,4,0,5500,1064,291,44,125,1064,291,1064,416,1108,416,1108,291
6455,3064,4,0,4572,1011,281,36,127,1011,281,1011,408,1047,408,1047,281
6456,3065,2,0,6776,1055,311,56,121,1055,311,1055,432,1111,432,1111,311
6457,3065,4,0,44604,315,160,118,378,315,160,315,538,433,538,433,160
6458,3065,3,0,92574,330,306,333,278,330,306,330,584,663,584,663,306
6459,3065,1,0,5040,865,295,70,72,865,295,865,367,935,367,935,295
6460,3065,4,0,5896,1027,285,44,134,1027,285,1027,419,1071,419,1071,285
6461,3065,4,0,7448,1093,297,56,133,1093,297,1093,430,1149,430,1149,297
6462,3066,1,0,17931,1027,266,129,139,1027,266,1027,405,1156,405,1156,266
6463,3066,4,0,58919,1636,229,133,443,1636,229,1636,672,1769,672,1769,229
6464,3067,1,0,66550,1094,229,275,242,1094,229,1094,471,1369,471,1369,229
6465,3068,1,0,203148,1185,185,513,396,1185,185,1185,581,1698,581,1698,185
6466,3068,2,0,2304,1145,295,32,72,1145,295,1145,367,1177,367,1177,295
6467,3068,2,0,1568,1107,297,32,49,1107,297,1107,346,1139,346,1139,297
6468,3069,2,0,2808,1171,302,39,72,1171,302,1171,374,1210,374,1210,302
6469,3069,1,0,486912,1407,0,512,951,1407,0,1407,951,1919,951,1919,0
6470,3070,2,0,29751,1232,300,141,211,1232,300,1232,511,1373,511,1373,300
6471,3070,4,0,19929,1263,229,91,219,1263,229,1263,448,1354,448,1354,229
6472,3070,1,0,58784,476,226,334,176,476,226,476,402,810,402,810,226
6473,3071,4,0,127684,1687,132,233,548,1687,132,1687,680,1920,680,1920,132
6474,3071,2,0,125504,1624,310,296,424,1624,310,1624,734,1920,734,1920,310
6475,3071,1,0,73305,361,223,405,181,361,223,361,404,766,404,766,223
6476,3072,1,0,296296,0,0,616,481,0,0,0,481,616,481,616,0
6477,3073,1,0,12840,1245,466,120,107,1245,466,1245,573,1365,573,1365,466
6478,3074,1,0,15561,1456,515,133,117,1456,515,1456,632,1589,632,1589,515
6479,3075,1,0,19398,1706,686,159,122,1706,686,1706,808,1865,808,1865,686
6480,3076,2,0,14442,1157,345,83,174,1157,345,1157,519,1240,519,1240,345
6481,3077,2,0,19855,1035,238,95,209,1035,238,1035,447,1130,447,1130,238
6482,3078,2,0,27328,1445,410,122,224,1445,410,1445,634,1567,634,1567,410
6483,3079,2,0,11400,1018,286,75,152,1018,286,1018,438,1093,438,1093,286
6484,3080,2,0,10064,1002,288,74,136,1002,288,1002,424,1076,424,1076,288
6485,3081,2,0,8911,986,291,67,133,986,291,986,424,1053,424,1053,291
6486,3081,2,0,232155,1585,321,335,693,1585,321,1585,1014,1920,1014,1920,321
6487,3082,2,0,334880,1332,301,520,644,1332,301,1332,945,1852,945,1852,301
6488,3082,4,0,271040,1367,39,385,704,1367,39,1367,743,1752,743,1752,39
6489,3082,2,0,8092,970,297,68,119,970,297,970,416,1038,416,1038,297
6490,3083,4,0,233211,1172,100,407,573,1172,100,1172,673,1579,673,1579,100
6491,3083,2,0,183890,1167,308,370,497,1167,308,1167,805,1537,805,1537,308
6492,3084,1,0,7790,795,278,82,95,795,278,795,373,877,373,877,278
6493,3085,1,0,9180,794,254,90,102,794,254,794,356,884,356,884,254
6494,3086,1,0,15870,760,243,115,138,760,243,760,381,875,381,875,243
6495,3087,2,0,97455,1046,323,267,365,1046,323,1046,688,1313,688,1313,323
6496,3087,4,0,82820,1085,132,202,410,1085,132,1085,542,1287,542,1287,132
6497,3087,2,0,3916,943,312,44,89,943,312,943,401,987,401,987,312
6498,3088,1,0,21877,738,230,131,167,738,230,738,397,869,397,869,230
6499,3089,1,0,27846,708,211,153,182,708,211,708,393,861,393,861,211
6500,3090,1,0,34968,680,219,186,188,680,219,680,407,866,407,866,219
6501,3091,1,0,46056,640,184,202,228,640,184,640,412,842,412,842,184
6502,3092,1,0,70692,579,150,258,274,579,150,579,424,837,424,837,150
6503,3093,1,0,117649,485,105,343,343,485,105,485,448,828,448,828,105
6504,3094,1,0,223254,342,16,474,471,342,16,342,487,816,487,816,16
6505,3095,1,0,387276,58,0,708,547,58,0,58,547,766,547,766,0
6506,3096,1,0,472056,0,2,712,663,0,2,0,665,712,665,712,2
6507,3097,1,0,419804,0,0,517,812,0,0,0,812,517,812,517,0
6508,3098,4,0,73800,974,170,200,369,974,170,974,539,1174,539,1174,170
6509,3099,4,0,38493,946,173,117,329,946,173,946,502,1063,502,1063,173
6510,3100,1,0,13696,1644,304,128,107,1644,304,1644,411,1772,411,1772,304
6511,3101,1,0,12524,1819,325,101,124,1819,325,1819,449,1920,449,1920,325
6512,3102,2,0,13857,1061,351,93,149,1061,351,1061,500,1154,500,1154,351
6513,3102,4,0,10920,1088,293,70,156,1088,293,1088,449,1158,449,1158,293
6514,3103,2,0,37845,887,294,145,261,887,294,887,555,1032,555,1032,294
6515,3103,4,0,22654,925,194,94,241,925,194,925,435,1019,435,1019,194
6516,3104,1,0,4556,905,659,67,68,905,659,905,727,972,727,972,659
6517,3105,1,0,6216,940,692,74,84,940,692,940,776,1014,776,1014,692
6518,3106,1,0,7380,1051,738,90,82,1051,738,1051,820,1141,820,1141,738
6519,3107,1,0,17375,1085,719,139,125,1085,719,1085,844,1224,844,1224,719
6520,3108,1,0,28392,1156,736,182,156,1156,736,1156,892,1338,892,1338,736
6521,3109,1,0,101612,1236,716,382,266,1236,716,1236,982,1618,982,1618,716
6522,3110,2,0,25823,867,324,119,217,867,324,867,541,986,541,986,324
6523,3110,4,0,21165,898,205,85,249,898,205,898,454,983,454,983,205
6524,3111,2,0,29106,836,287,126,231,836,287,836,518,962,518,962,287
6525,3112,2,0,25066,1661,612,166,151,1661,612,1661,763,1827,763,1827,612
6526,3113,2,0,4565,1305,576,55,83,1305,576,1305,659,1360,659,1360,576
6527,3114,2,0,17325,841,339,105,165,841,339,841,504,946,504,946,339
6528,3114,4,0,17425,863,225,85,205,863,225,863,430,948,430,948,225
6529,3115,2,0,6958,1412,583,71,98,1412,583,1412,681,1483,681,1483,583
6530,3116,2,0,5304,1357,563,51,104,1357,563,1357,667,1408,667,1408,563
6531,3116,2,0,21730,1611,553,106,205,1611,553,1611,758,1717,758,1717,553
6532,3117,2,0,12986,1507,564,86,151,1507,564,1507,715,1593,715,1593,564
6533,3118,4,0,17226,839,217,87,198,839,217,839,415,926,415,926,217
6534,3118,2,0,15504,826,340,102,152,826,340,826,492,928,492,928,340
6535,3119,2,0,18326,1509,559,98,187,1509,559,1509,746,1607,746,1607,559
6536,3120,2,0,20091,785,282,111,181,785,282,785,463,896,463,896,282
6537,3121,2,0,14535,1336,562,85,171,1336,562,1336,733,1421,733,1421,562
6538,3122,4,0,46068,1783,498,132,349,1783,498,1783,847,1915,847,1915,498
6539,3123,2,0,14532,772,286,84,173,772,286,772,459,856,459,856,286
6540,3124,2,0,14841,765,286,97,153,765,286,765,439,862,439,862,286
6541,3125,2,0,9600,1058,343,75,128,1058,343,1058,471,1133,471,1133,343
6542,3126,2,0,17967,743,273,113,159,743,273,743,432,856,432,856,273
6543,3127,2,0,14448,768,255,86,168,768,255,768,423,854,423,854,255
6544,3128,2,0,20304,776,217,108,188,776,217,776,405,884,405,884,217
6545,3129,2,0,17640,785,205,105,168,785,205,785,373,890,373,890,205
6546,3129,4,0,11440,807,144,65,176,807,144,807,320,872,320,872,144
6547,3130,2,0,17922,781,228,103,174,781,228,781,402,884,402,884,228
6548,3131,2,0,20240,775,260,115,176,775,260,775,436,890,436,890,260
6549,3132,2,0,17500,775,306,100,175,775,306,775,481,875,481,875,306
6550,3133,2,0,17385,780,358,95,183,780,358,780,541,875,541,875,358
6551,3134,2,0,19458,777,442,94,207,777,442,777,649,871,649,871,442
6552,3135,2,0,8778,1045,339,66,133,1045,339,1045,472,1111,472,1111,339
6553,3136,2,0,20055,785,460,105,191,785,460,785,651,890,651,890,460
6554,3137,2,0,20580,799,410,98,210,799,410,799,620,897,620,897,410
6555,3138,2,0,10349,838,406,79,131,838,406,838,537,917,537,917,406
6556,3139,2,0,12636,850,339,81,156,850,339,850,495,931,495,931,339
6557,3140,1,0,18370,317,278,167,110,317,278,317,388,484,388,484,278
6558,3140,2,0,11571,863,345,87,133,863,345,863,478,950,478,950,345
6559,3141,1,0,48622,1536,293,302,161,1536,293,1536,454,1838,454,1838,293
6560,3141,2,0,9869,848,324,71,139,848,324,848,463,919,463,919,324
6561,3142,2,0,11248,838,305,76,148,838,305,838,453,914,453,914,305
6562,3142,1,0,52675,1613,282,301,175,1613,282,1613,457,1914,457,1914,282
6563,3143,1,0,41600,1720,279,200,208,1720,279,1720,487,1920,487,1920,279
6564,3143,2,0,11322,828,304,74,153,828,304,828,457,902,457,902,304
6565,3144,2,0,10512,823,295,73,144,823,295,823,439,896,439,896,295
6566,3145,2,0,6678,1032,332,63,106,1032,332,1032,438,1095,438,1095,332
6567,3146,4,0,29684,798,209,82,362,798,209,798,571,880,571,880,209
6568,3147,2,0,42480,5,422,240,177,5,422,5,599,245,599,245,422
6569,3147,2,0,30492,1046,378,154,198,1046,378,1046,576,1200,576,1200,378
6570,3148,4,0,3159,703,338,39,81,703,338,703,419,742,419,742,338
6571,3149,4,0,7314,847,333,46,159,847,333,847,492,893,492,893,333
6572,3150,4,0,13144,922,319,62,212,922,319,922,531,984,531,984,319
6573,3151,4,0,34748,1050,307,119,292,1050,307,1050,599,1169,599,1169,307
6574,3152,1,0,121344,4,106,316,384,4,106,4,490,320,490,320,106
6575,3153,2,0,5488,535,348,98,56,535,348,535,404,633,404,633,348
6576,3154,2,0,6758,885,342,109,62,885,342,885,404,994,404,994,342
6577,3155,2,0,9636,68,408,73,132,68,408,68,540,141,540,141,408
6578,3156,4,0,30530,788,203,86,355,788,203,788,558,874,558,874,203
6579,3157,1,0,3420,1223,286,57,60,1223,286,1223,346,1280,346,1280,286
6580,3158,2,0,1500,641,332,30,50,641,332,641,382,671,382,671,332
6581,3159,1,0,6174,1085,285,98,63,1085,285,1085,348,1183,348,1183,285
6582,3160,1,0,1221,357,349,37,33,357,349,357,382,394,382,394,349
6583,3161,1,0,2050,376,347,50,41,376,347,376,388,426,388,426,347
6584,3162,1,0,2576,399,343,56,46,399,343,399,389,455,389,455,343
6585,3163,1,0,3008,422,348,64,47,422,348,422,395,486,395,486,348
6586,3164,1,0,4536,454,343,81,56,454,343,454,399,535,399,535,343
6587,3165,1,0,7313,487,338,103,71,487,338,487,409,590,409,590,338
6588,3166,1,0,9920,537,342,124,80,537,342,537,422,661,422,661,342
6589,3167,1,0,26384,587,328,194,136,587,328,587,464,781,464,781,328
6590,3168,1,0,96516,686,308,383,252,686,308,686,560,1069,560,1069,308
6591,3168,4,0,2964,645,332,38,78,645,332,645,410,683,410,683,332
6592,3169,1,0,116160,1008,263,264,440,1008,263,1008,703,1272,703,1272,263
6593,3169,4,0,2880,693,330,32,90,693,330,693,420,725,420,725,330
6594,3170,4,0,4386,735,333,43,102,735,333,735,435,778,435,778,333
6595,3171,4,0,8256,788,331,64,129,788,331,788,460,852,460,852,331
6596,3171,3,0,5529,780,368,57,97,780,368,780,465,837,465,837,368
6597,3172,3,0,10507,883,377,79,133,883,377,883,510,962,510,962,377
6598,3172,4,0,11844,922,318,63,188,922,318,922,506,985,506,985,318
6599,3173,3,0,37541,1093,405,173,217,1093,405,1093,622,1266,622,1266,405
6600,3173,4,0,30240,1172,302,108,280,1172,302,1172,582,1280,582,1280,302
6601,3174,1,0,4425,942,303,75,59,942,303,942,362,1017,362,1017,303
6602,3175,1,0,4270,574,339,70,61,574,339,574,400,644,400,644,339
6603,3175,2,0,2145,796,348,39,55,796,348,796,403,835,403,835,348
6604,3175,2,0,2184,847,349,39,56,847,349,847,405,886,405,886,349
6605,3176,1,0,5056,564,341,79,64,564,341,564,405,643,405,643,341
6606,3176,2,0,4452,859,351,53,84,859,351,859,435,912,435,912,351
6607,3176,2,0,2691,909,353,39,69,909,353,909,422,948,422,948,353
6608,3177,2,0,33945,1022,319,155,219,1022,319,1022,538,1177,538,1177,319
6609,3177,1,0,7776,535,334,96,81,535,334,535,415,631,415,631,334
6610,3177,2,0,6552,334,373,91,72,334,373,334,445,425,445,425,373
6611,3178,1,0,8874,498,339,102,87,498,339,498,426,600,426,600,339
6612,3178,2,0,11400,226,368,114,100,226,368,226,468,340,468,340,368
6613,3178,2,0,16872,6,396,148,114,6,396,6,510,154,510,154,396
6614,3178,2,0,1998,865,343,37,54,865,343,865,397,902,397,902,343
6615,3179,2,0,18088,44,371,136,133,44,371,44,504,180,504,180,371
6616,3179,1,0,13716,430,336,127,108,430,336,430,444,557,444,557,336
6617,3179,2,0,2814,887,348,42,67,887,348,887,415,929,415,929,348
6618,3180,2,0,6318,957,337,54,117,957,337,957,454,1011,454,1011,337
6619,3180,1,0,23270,327,336,179,130,327,336,327,466,506,466,506,336
6620,3181,2,0,19760,1176,376,104,190,1176,376,1176,566,1280,566,1280,376
6621,3181,4,0,16254,1183,302,86,189,1183,302,1183,491,1269,491,1269,302
6622,3181,1,0,47320,161,329,260,182,161,329,161,511,421,511,421,329
6623,3182,1,0,84942,1,329,286,297,1,329,1,626,287,626,287,329
6624,3183,1,0,5100,893,301,75,68,893,301,893,369,968,369,968,301
6625,3184,1,0,4332,891,302,76,57,891,302,891,359,967,359,967,302
6626,3185,1,0,24948,419,320,231,108,419,320,419,428,650,428,650,320
6627,3186,1,0,32984,349,309,266,124,349,309,349,433,615,433,615,309
6628,3187,1,0,37170,255,309,295,126,255,309,255,435,550,435,550,309
6629,3188,1,0,76650,119,259,365,210,119,259,119,469,484,469,484,259
6630,3189,1,0,5428,881,303,92,59,881,303,881,362,973,362,973,303
6631,3190,1,0,4752,875,301,88,54,875,301,875,355,963,355,963,301
6632,3191,1,0,1485,666,339,45,33,666,339,666,372,711,372,711,339
6633,3192,1,0,1739,673,340,47,37,673,340,673,377,720,377,720,340
6634,3193,1,0,3102,680,337,66,47,680,337,680,384,746,384,746,337
6635,3194,1,0,6278,690,331,86,73,690,331,690,404,776,404,776,331
6636,3195,1,0,12126,722,336,129,94,722,336,722,430,851,430,851,336
6637,3196,1,0,45264,794,318,246,184,794,318,794,502,1040,502,1040,318
6638,3197,1,0,5200,874,301,80,65,874,301,874,366,954,366,954,301
6639,3198,1,0,5002,873,302,82,61,873,302,873,363,955,363,955,302
6640,3199,1,0,5185,861,299,85,61,861,299,861,360,946,360,946,299
6641,3200,1,0,7084,859,292,92,77,859,292,859,369,951,369,951,292
6642,3201,1,0,5160,862,299,86,60,862,299,862,359,948,359,948,299
6643,3202,2,0,3320,714,324,40,83,714,324,714,407,754,407,754,324
6644,3203,2,0,6844,764,316,59,116,764,316,764,432,823,432,823,316
6645,3204,2,0,17334,888,355,107,162,888,355,888,517,995,517,995,355
6646,3204,4,0,10773,906,287,63,171,906,287,906,458,969,458,969,287
6647,3205,1,0,6615,871,301,105,63,871,301,871,364,976,364,976,301
6648,3206,2,0,600,649,349,20,30,649,349,649,379,669,379,669,349
6649,3206,2,0,1125,715,343,25,45,715,343,715,388,740,388,740,343
6650,3206,2,0,6138,838,354,62,99,838,354,838,453,900,453,900,354
6651,3207,2,0,943,668,343,23,41,668,343,668,384,691,384,691,343
6652,3207,2,0,2844,760,331,36,79,760,331,760,410,796,410,796,331
6653,3207,2,0,23241,1033,361,127,183,1033,361,1033,544,1160,544,1160,361
6654,3207,4,0,10340,1053,311,55,188,1053,311,1053,499,1108,499,1108,311
6655,3208,2,0,10080,854,364,84,120,854,364,854,484,938,484,938,364
6656,3208,4,0,8618,864,307,62,139,864,307,864,446,926,446,926,307
6657,3208,2,0,2166,696,347,38,57,696,347,696,404,734,404,734,347
6658,3209,2,0,3696,768,353,42,88,768,353,768,441,810,441,810,353
6659,3210,2,0,24768,947,373,129,192,947,373,947,565,1076,565,1076,373
6660,3210,4,0,16568,966,311,76,218,966,311,966,529,1042,529,1042,311
6661,3211,1,0,7884,874,296,108,73,874,296,874,369,982,369,982,296
6662,3212,2,0,4860,710,350,54,90,710,350,710,440,764,440,764,350
6663,3213,2,0,25600,890,363,128,200,890,363,890,563,1018,563,1018,363
6664,3213,4,0,17407,902,308,103,169,902,308,902,477,1005,477,1005,308
6665,3214,1,0,7194,878,301,109,66,878,301,878,367,987,367,987,301
6666,3215,1,0,9288,883,295,129,72,883,295,883,367,1012,367,1012,295
6667,3216,1,0,9916,890,297,134,74,890,297,890,371,1024,371,1024,297
6668,3217,1,0,10360,897,295,140,74,897,295,897,369,1037,369,1037,295
6669,3218,2,0,3182,762,353,43,74,762,353,762,427,805,427,805,353
6670,3219,2,0,12495,905,366,85,147,905,366,905,513,990,513,990,366
6671,3220,1,0,12367,904,295,149,83,904,295,904,378,1053,378,1053,295
6672,3221,1,0,14535,908,292,171,85,908,292,908,377,1079,377,1079,292
6673,3222,1,0,154700,937,233,340,455,937,233,937,688,1277,688,1277,233
6674,3223,1,0,141525,855,257,425,333,855,257,855,590,1280,590,1280,257
6675,3224,1,0,116311,790,277,389,299,790,277,790,576,1179,576,1179,277
6676,3225,1,0,73041,740,279,291,251,740,279,740,530,1031,530,1031,279
6677,3226,1,0,45969,703,295,231,199,703,295,703,494,934,494,934,295
6678,3227,1,0,32336,679,304,188,172,679,304,679,476,867,476,867,304
6679,3228,1,0,24955,667,309,161,155,667,309,667,464,828,464,828,309
6680,3229,1,0,22046,645,311,151,146,645,311,645,457,796,457,796,311
6681,3230,1,0,14432,918,289,164,88,918,289,918,377,1082,377,1082,289
6682,3231,1,0,16383,643,317,129,127,643,317,643,444,772,444,772,317
6683,3232,1,0,13804,636,319,116,119,636,319,636,438,752,438,752,319
6684,3233,1,0,11663,627,321,109,107,627,321,627,428,736,428,736,321
6685,3234,1,0,9984,623,320,96,104,623,320,623,424,719,424,719,320
6686,3235,1,0,8930,619,320,95,94,619,320,619,414,714,414,714,320
6687,3236,1,0,8096,616,323,88,92,616,323,616,415,704,415,704,323
6688,3237,1,0,6525,616,324,75,87,616,324,616,411,691,411,691,324
6689,3238,1,0,6142,612,327,74,83,612,327,612,410,686,410,686,327
6690,3239,2,0,2652,817,366,39,68,817,366,817,434,856,434,856,366
6691,3239,1,0,5760,605,326,72,80,605,326,605,406,677,406,677,326
6692,3240,1,0,6080,600,329,80,76,600,329,600,405,680,405,680,329
6693,3241,1,0,4800,594,330,64,75,594,330,594,405,658,405,658,330
6694,3242,1,0,4624,589,331,68,68,589,331,589,399,657,399,657,331
6695,3243,1,0,4416,587,331,64,69,587,331,587,400,651,400,651,331
6696,3244,1,0,4095,579,332,65,63,579,332,579,395,644,395,644,332
6697,3245,1,0,4290,575,330,66,65,575,330,575,395,641,395,641,330
6698,3246,2,0,1344,715,349,28,48,715,349,715,397,743,397,743,349
6699,3246,1,0,3782,574,330,62,61,574,330,574,391,636,391,636,330
6700,3247,2,0,2516,747,344,37,68,747,344,747,412,784,412,784,344
6701,3247,1,0,3480,578,329,58,60,578,329,578,389,636,389,636,329
6702,3248,2,0,5886,821,338,54,109,821,338,821,447,875,447,875,338
6703,3248,1,0,3782,582,326,61,62,582,326,582,388,643,388,643,326
6704,3248,1,0,1968,677,335,41,48,677,335,677,383,718,383,718,335
6705,3249,2,0,37050,1045,310,150,247,1045,310,1045,557,1195,557,1195,310
6706,3249,1,0,2173,675,340,53,41,675,340,675,381,728,381,728,340
6707,3249,1,0,3456,586,327,64,54,586,327,586,381,650,381,650,327
6708,3250,1,0,2726,686,338,58,47,686,338,686,385,744,385,744,338
6709,3250,1,0,2750,604,331,55,50,604,331,604,381,659,381,659,331
6710,3251,1,0,17848,940,288,194,92,940,288,940,380,1134,380,1134,288
6711,3252,1,0,5032,699,329,74,68,699,329,699,397,773,397,773,329
6712,3252,1,0,3024,626,324,54,56,626,324,626,380,680,380,680,324
6713,3253,1,0,10608,720,315,104,102,720,315,720,417,824,417,824,315
6714,3253,1,0,3465,648,329,63,55,648,329,648,384,711,384,711,329
6715,3254,1,0,3808,682,327,68,56,682,327,682,383,750,383,750,327
6716,3254,1,0,25604,761,297,173,148,761,297,761,445,934,445,934,297
6717,3255,1,0,125050,864,255,410,305,864,255,864,560,1274,560,1274,255
6718,3255,1,0,4144,716,327,74,56,716,327,716,383,790,383,790,327
6719,3256,1,0,3640,764,330,70,52,764,330,764,382,834,382,834,330
6720,3257,1,0,3572,795,335,76,47,795,335,795,382,871,382,871,335
6721,3258,1,0,4050,850,333,75,54,850,333,850,387,925,387,925,333
6722,3259,1,0,9701,929,322,109,89,929,322,929,411,1038,411,1038,322
6723,3260,1,0,20703,950,283,201,103,950,283,950,386,1151,386,1151,283
6724,3261,1,0,12669,935,321,123,103,935,321,935,424,1058,424,1058,321
6725,3262,1,0,24344,959,271,136,179,959,271,959,450,1095,450,1095,271
6726,3263,1,0,48530,996,288,230,211,996,288,996,499,1226,499,1226,288
6727,3264,1,0,78376,1078,245,202,388,1078,245,1078,633,1280,633,1280,245
6728,3265,1,0,4680,1206,330,72,65,1206,330,1206,395,1278,395,1278,330
6729,3266,1,0,6391,1136,324,83,77,1136,324,1136,401,1219,401,1219,324
6730,3267,1,0,7980,1074,321,95,84,1074,321,1074,405,1169,405,1169,321
6731,3268,1,0,12096,1032,318,112,108,1032,318,1032,426,1144,426,1144,318
6732,3269,1,0,24000,1004,304,160,150,1004,304,1004,454,1164,454,1164,304
6733,3270,1,0,72002,1002,276,278,259,1002,276,1002,535,1280,535,1280,276
6734,3270,1,0,1482,944,333,39,38,944,333,944,371,983,371,983,333
6735,3271,1,0,23072,966,283,224,103,966,283,966,386,1190,386,1190,283
6736,3272,1,0,27528,975,282,248,111,975,282,975,393,1223,393,1223,282
6737,3273,1,0,1764,618,335,42,42,618,335,618,377,660,377,660,335
6738,3274,1,0,1968,626,339,48,41,626,339,626,380,674,380,674,339
6739,3275,1,0,2585,635,339,55,47,635,339,635,386,690,386,690,339
6740,3276,1,0,3640,651,337,65,56,651,337,651,393,716,393,716,337
6741,3276,2,0,3042,770,346,39,78,770,346,770,424,809,424,809,346
6742,3277,1,0,5840,673,334,80,73,673,334,673,407,753,407,753,334
6743,3277,2,0,9856,897,359,77,128,897,359,897,487,974,487,974,359
6744,3278,1,0,11948,704,327,116,103,704,327,704,430,820,430,820,327
6745,3279,1,0,28272,995,279,248,114,995,279,995,393,1243,393,1243,279
6746,3280,1,0,44044,760,312,242,182,760,312,760,494,1002,494,1002,312
6747,3280,2,0,2960,695,333,40,74,695,333,695,407,735,407,735,333
6748,3281,2,0,3910,743,355,46,85,743,355,743,440,789,440,789,355
6749,3281,1,0,127641,1009,232,271,471,1009,232,1009,703,1280,703,1280,232
6750,3282,2,0,28912,847,324,139,208,847,324,847,532,986,532,986,324
6751,3283,1,0,33516,1026,276,252,133,1026,276,1026,409,1278,409,1278,276
6752,3284,4,0,3430,776,322,49,70,776,322,776,392,825,392,825,322
6753,3284,2,0,7973,776,339,67,119,776,339,776,458,843,458,843,339
6754,3285,1,0,34177,1041,270,239,143,1041,270,1041,413,1280,413,1280,270
6755,3286,2,0,41223,1129,361,151,273,1129,361,1129,634,1280,634,1280,361
6756,3286,4,0,33024,1151,295,128,258,1151,295,1151,553,1279,553,1279,295
6757,3287,4,0,4900,220,326,49,100,220,326,220,426,269,426,269,326
6758,3287,2,0,3660,264,364,61,60,264,364,264,424,325,424,325,364
6759,3288,4,0,8775,129,329,75,117,129,329,129,446,204,446,204,329
6760,3288,2,0,6930,179,363,90,77,179,363,179,440,269,440,269,363
6761,3289,1,0,29835,1059,272,221,135,1059,272,1059,407,1280,407,1280,272
6762,3290,2,0,13020,37,377,124,105,37,377,37,482,161,482,161,377
6763,3290,4,0,6600,0,323,44,150,0,323,0,473,44,473,44,323
6764,3291,1,0,30845,1075,269,199,155,1075,269,1075,424,1274,424,1274,269
6765,3292,1,0,33306,1097,250,183,182,1097,250,1097,432,1280,432,1280,250
6766,3293,1,0,26505,1125,263,155,171,1125,263,1125,434,1280,434,1280,263
6767,3294,1,0,840,574,343,35,24,574,343,574,367,609,367,609,343
6768,3295,1,0,1155,586,339,35,33,586,339,586,372,621,372,621,339
6769,3296,1,0,1365,599,340,39,35,599,340,599,375,638,375,638,340
6770,3297,1,0,1836,614,343,51,36,614,343,614,379,665,379,665,343
6771,3298,1,0,2132,631,341,52,41,631,341,631,382,683,382,683,341
6772,3299,1,0,2900,640,341,58,50,640,341,640,391,698,391,698,341
6773,3300,1,0,5293,661,335,79,67,661,335,661,402,740,402,740,335
6774,3301,1,0,12319,681,332,127,97,681,332,681,429,808,429,808,332
6775,3302,1,0,33572,744,322,218,154,744,322,744,476,962,476,962,322
6776,3303,1,0,132276,978,265,302,438,978,265,978,703,1280,703,1280,265
6777,3304,4,0,45000,679,180,100,450,679,180,679,630,779,630,779,180
6778,3305,2,0,4365,713,343,45,97,713,343,713,440,758,440,758,343
6779,3305,1,0,52260,1019,256,260,201,1019,256,1019,457,1279,457,1279,256
6780,3306,4,0,40698,975,283,171,238,975,283,975,521,1146,521,1146,283
6781,3306,2,0,83898,954,329,237,354,954,329,954,683,1191,683,1191,329
6782,3307,2,0,4002,843,351,46,87,843,351,843,438,889,438,889,351
6783,3308,2,0,28268,1001,375,148,191,1001,375,1001,566,1149,566,1149,375
6784,3309,4,0,25080,104,328,114,220,104,328,104,548,218,548,218,328
6785,3310,4,0,74036,613,183,166,446,613,183,613,629,779,629,779,183
6786,3311,4,0,1876,810,287,28,67,810,287,810,354,838,354,838,287
6787,3312,2,0,1300,700,347,25,52,700,347,700,399,725,399,725,347
6788,3313,4,0,931,850,302,19,49,850,302,850,351,869,351,869,302
6789,3314,2,0,2550,749,351,34,75,749,351,749,426,783,426,783,351
6790,3315,2,0,9471,849,369,77,123,849,369,849,492,926,492,926,369
6791,3316,4,0,2010,852,286,30,67,852,286,852,353,882,353,882,286
6792,3316,2,0,3220,934,311,46,70,934,311,934,381,980,381,980,311
6793,3317,4,0,14535,1035,330,85,171,1035,330,1035,501,1120,501,1120,330
6794,3317,2,0,25730,1007,390,155,166,1007,390,1007,556,1162,556,1162,390
6795,3318,4,0,1836,867,291,27,68,867,291,867,359,894,359,894,291
6796,3318,2,0,2257,894,296,37,61,894,296,894,357,931,357,931,296
6797,3318,2,0,2730,957,316,39,70,957,316,957,386,996,386,996,316
6798,3319,4,0,5236,790,333,44,119,790,333,790,452,834,452,834,333
6799,3320,4,0,14196,865,320,78,182,865,320,865,502,943,502,943,320
6800,3321,4,0,45220,1090,297,140,323,1090,297,1090,620,1230,620,1230,297
6801,3322,4,0,2112,880,290,33,64,880,290,880,354,913,354,913,290
6802,3322,2,0,3950,976,309,50,79,976,309,976,388,1026,388,1026,309
6803,3323,2,0,4606,789,360,49,94,789,360,789,454,838,454,838,360
6804,3323,1,0,52200,0,307,300,174,0,307,0,481,300,481,300,307
6805,3324,2,0,41984,980,326,164,256,980,326,980,582,1144,582,1144,326
6806,3325,4,0,2412,899,291,36,67,899,291,899,358,935,358,935,291
6807,3325,2,0,5544,997,312,63,88,997,312,997,400,1060,400,1060,312
6808,3326,1,0,4400,620,308,55,80,620,308,620,388,675,388,675,308
6809,3327,1,0,6868,635,296,68,101,635,296,635,397,703,397,703,296
6810,3328,1,0,10126,656,288,83,122,656,288,656,410,739,410,739,288
6811,3329,1,0,20066,672,265,127,158,672,265,672,423,799,423,799,265
6812,3330,1,0,52824,708,219,213,248,708,219,708,467,921,467,921,219
6813,3331,4,0,2448,910,290,34,72,910,290,910,362,944,362,944,290
6814,3331,4,0,2720,988,287,32,85,988,287,988,372,1020,372,1020,287
6815,3331,2,0,7950,1031,304,75,106,1031,304,1031,410,1106,410,1106,304
6816,3332,1,0,251230,790,75,485,518,790,75,790,593,1275,593,1275,75
6817,3333,2,0,3652,943,289,44,83,943,289,943,372,987,372,987,289
6818,3333,4,0,2844,921,284,36,79,921,284,921,363,957,363,957,284
6819,3333,4,0,2822,1009,291,34,83,1009,291,1009,374,1043,374,1043,291
6820,3333,2,0,8453,1084,309,79,107,1084,309,1084,416,1163,416,1163,309
6821,3334,2,0,2117,721,348,29,73,721,348,721,421,750,421,750,348
6822,3335,2,0,7874,795,339,62,127,795,339,795,466,857,466,857,339
6823,3336,2,0,31620,1023,305,124,255,1023,305,1023,560,1147,560,1147,305
6824,3337,4,0,5358,938,283,57,94,938,283,938,377,995,377,995,283
6825,3337,4,0,2880,1044,291,32,90,1044,291,1044,381,1076,381,1076,291
6826,3337,2,0,10234,1146,319,86,119,1146,319,1146,438,1232,438,1232,319
6827,3338,4,0,80240,589,168,170,472,589,168,589,640,759,640,759,168
6828,3339,4,0,5355,966,274,51,105,966,274,966,379,1017,379,1017,274
6829,3339,4,0,3939,1073,294,39,101,1073,294,1073,395,1112,395,1112,294
6830,3340,4,0,6726,1003,273,59,114,1003,273,1003,387,1062,387,1062,273
6831,3340,4,0,5856,1114,291,61,96,1114,291,1114,387,1175,387,1175,291
6832,3341,1,0,38406,34,333,222,173,34,333,34,506,256,506,256,333
6833,3342,1,0,20587,146,330,173,119,146,330,146,449,319,449,319,330
6834,3343,1,0,31031,0,330,217,143,0,330,0,473,217,473,217,330
6835,3344,4,0,7125,1031,267,57,125,1031,267,1031,392,1088,392,1088,267
6836,3345,2,0,10028,1009,390,109,92,1009,390,1009,482,1118,482,1118,390
6837,3345,4,0,2100,511,333,28,75,511,333,511,408,539,408,539,333
6838,3346,4,0,2496,489,332,32,78,489,332,489,410,521,410,521,332
6839,3347,4,0,3783,459,328,39,97,459,328,459,425,498,425,498,328
6840,3348,4,0,4902,413,325,38,129,413,325,413,454,451,454,451,325
6841,3349,4,0,10679,313,313,59,181,313,313,313,494,372,494,372,313
6842,3350,4,0,42912,76,306,149,288,76,306,76,594,225,594,225,306
6843,3351,4,0,8704,1075,270,64,136,1075,270,1075,406,1139,406,1139,270
6844,3352,2,0,1620,727,343,30,54,727,343,727,397,757,397,757,343
6845,3353,2,0,2376,757,350,33,72,757,350,757,422,790,422,790,350
6846,3354,2,0,5940,805,344,54,110,805,344,805,454,859,454,859,344
6847,3355,2,0,31624,913,318,134,236,913,318,913,554,1047,554,1047,318
6848,3356,3,0,10764,380,369,78,138,380,369,380,507,458,507,458,369
6849,3357,3,0,17424,269,381,99,176,269,381,269,557,368,557,368,381
6850,3357,4,0,17472,283,311,78,224,283,311,283,535,361,535,361,311
6851,3358,4,0,11072,1043,263,64,173,1043,263,1043,436,1107,436,1107,263
6852,3358,2,0,8924,1079,345,97,92,1079,345,1079,437,1176,437,1176,345
6853,3359,3,0,54619,16,408,193,283,16,408,16,691,209,691,209,408
6854,3359,4,0,32058,71,294,117,274,71,294,71,568,188,568,188,294
6855,3360,4,0,18067,1085,270,89,203,1085,270,1085,473,1174,473,1174,270
6856,3361,1,0,29636,75,339,239,124,75,339,75,463,314,463,314,339
6857,3362,1,0,33089,0,339,203,163,0,339,0,502,203,502,203,339
6858,3363,4,0,21918,1197,242,78,281,1197,242,1197,523,1275,523,1275,242
6859,3364,1,0,6956,833,344,94,74,833,344,833,418,927,418,927,344
6860,3365,1,0,9660,872,344,115,84,872,344,872,428,987,428,987,344
6861,3366,1,0,14000,920,347,140,100,920,347,920,447,1060,447,1060,347
6862,3367,1,0,19936,993,342,178,112,993,342,993,454,1171,454,1171,342
6863,3368,2,0,1161,508,348,27,43,508,348,508,391,535,391,535,348
6864,3369,2,0,2964,573,344,39,76,573,344,573,420,612,420,612,344
6865,3370,2,0,5568,649,354,64,87,649,354,649,441,713,441,713,354
6866,3371,2,0,26304,836,358,137,192,836,358,836,550,973,550,973,358
6867,3371,4,0,12804,839,285,66,194,839,285,839,479,905,479,905,285
6868,3372,2,0,5320,496,335,56,95,496,335,496,430,552,430,552,335
6869,3373,2,0,12528,684,354,87,144,684,354,684,498,771,498,771,354
6870,3374,4,0,56420,527,193,124,455,527,193,527,648,651,648,651,193
6871,3375,1,0,6762,663,292,69,98,663,292,663,390,732,390,732,292
6872,3376,1,0,8175,667,283,75,109,667,283,667,392,742,392,742,283
6873,3377,1,0,12103,676,274,91,133,676,274,676,407,767,407,767,274
6874,3377,2,0,2652,762,354,39,68,762,354,762,422,801,422,801,354
6875,3378,2,0,4860,811,358,54,90,811,358,811,448,865,448,865,358
6876,3378,1,0,18315,691,254,111,165,691,254,691,419,802,419,802,254
6877,3379,2,0,11782,928,364,86,137,928,364,928,501,1014,501,1014,364
6878,3379,4,0,8436,931,324,57,148,931,324,931,472,988,472,988,324
6879,3379,1,0,36120,706,226,172,210,706,226,706,436,878,436,878,226
6880,3380,1,0,95284,735,162,287,332,735,162,735,494,1022,494,1022,162
6881,3381,1,0,302534,823,0,457,662,823,0,823,662,1280,662,1280,0
6882,3382,1,0,1558,825,335,41,38,825,335,825,373,866,373,866,335
6883,3383,1,0,1968,810,331,41,48,810,331,810,379,851,379,851,331
6884,3384,1,0,2726,794,325,47,58,794,325,794,383,841,383,841,325
6885,3385,1,0,3510,782,323,54,65,782,323,782,388,836,388,836,323
6886,3386,1,0,3960,767,325,66,60,767,325,767,385,833,385,833,325
6887,3387,1,0,5180,766,321,70,74,766,321,766,395,836,395,836,321
6888,3388,1,0,6720,767,318,84,80,767,318,767,398,851,398,851,318
6889,3389,1,0,12544,773,308,112,112,773,308,773,420,885,420,885,308
6890,3390,2,0,1540,753,338,28,55,753,338,753,393,781,393,781,338
6891,3390,1,0,26640,786,306,180,148,786,306,786,454,966,454,966,306
6892,3391,2,0,1560,769,342,26,60,769,342,769,402,795,402,795,342
6893,3391,1,0,65247,842,281,273,239,842,281,842,520,1115,520,1115,281
6894,3391,2,0,9150,530,344,75,122,530,344,530,466,605,466,605,344
6895,3392,2,0,2886,773,346,37,78,773,346,773,424,810,424,810,346
6896,3392,1,0,149591,959,225,311,481,959,225,959,706,1270,706,1270,225
6897,3393,2,0,31746,371,326,143,222,371,326,371,548,514,548,514,326
6898,3393,2,0,4459,797,354,49,91,797,354,797,445,846,445,846,354
6899,3393,2,0,1560,750,352,30,52,750,352,750,404,780,404,780,352
6900,3394,4,0,34918,231,291,158,221,231,291,231,512,389,512,389,291
6901,3394,2,0,1352,731,354,26,52,731,354,731,406,757,406,757,354
6902,3394,2,0,41976,264,359,159,264,264,359,264,623,423,623,423,359
6903,3394,2,0,12285,841,362,91,135,841,362,841,497,932,497,932,362
6904,3394,4,0,8379,853,310,57,147,853,310,853,457,910,457,910,310
6905,3395,4,0,31815,1033,286,101,315,1033,286,1033,601,1134,601,1134,286
6906,3395,2,0,63438,1001,381,218,291,1001,381,1001,672,1219,672,1219,381
6907,3396,2,0,1620,697,357,30,54,697,357,697,411,727,411,727,357
6908,3397,2,0,2829,692,352,41,69,692,352,692,421,733,421,733,352
6909,3398,2,0,2380,708,355,35,68,708,355,708,423,743,423,743,355
6910,3399,2,0,4743,734,350,51,93,734,350,734,443,785,443,785,350
6911,3400,2,0,6552,770,344,56,117,770,344,770,461,826,461,826,344
6912,3401,2,0,9216,823,336,64,144,823,336,823,480,887,480,887,336
6913,3402,2,0,17914,869,358,106,169,869,358,869,527,975,527,975,358
6914,3403,2,0,38285,989,334,155,247,989,334,989,581,1144,581,1144,334
6915,3404,2,0,3354,753,356,43,78,753,356,753,434,796,434,796,356
6916,3405,2,0,12896,831,368,104,124,831,368,831,492,935,492,935,368
6917,3405,4,0,6512,856,320,44,148,856,320,856,468,900,468,900,320
6918,3406,1,0,38700,55,312,225,172,55,312,55,484,280,484,280,312
6919,3407,1,0,40809,3,308,183,223,3,308,3,531,186,531,186,308
6920,3408,1,0,3050,651,326,61,50,651,326,651,376,712,376,712,326
6921,3409,1,0,4352,654,320,64,68,654,320,654,388,718,388,718,320
6922,3409,2,0,2665,790,357,41,65,790,357,790,422,831,422,831,357
6923,3410,1,0,4060,653,320,58,70,653,320,653,390,711,390,711,320
6924,3410,2,0,4600,863,353,46,100,863,353,863,453,909,453,909,353
6925,3411,2,0,33970,1021,357,158,215,1021,357,1021,572,1179,572,1179,357
6926,3411,1,0,4278,652,319,62,69,652,319,652,388,714,388,714,319
6927,3412,1,0,4488,646,320,68,66,646,320,646,386,714,386,714,320
6928,3413,1,0,6106,639,308,71,86,639,308,639,394,710,394,710,308
6929,3414,2,0,2613,809,356,39,67,809,356,809,423,848,423,848,356
6930,3414,1,0,5934,636,306,69,86,636,306,636,392,705,392,705,306
6931,3415,1,0,9108,613,312,99,92,613,312,613,404,712,404,712,312
6932,3415,2,0,5350,860,353,50,107,860,353,860,460,910,460,910,353
6933,3416,1,0,7821,624,298,79,99,624,298,624,397,703,397,703,298
6934,3416,2,0,13468,970,367,91,148,970,367,970,515,1061,515,1061,367
6935,3417,1,0,2394,734,330,42,57,734,330,734,387,776,387,776,330
6936,3417,1,0,8280,618,314,90,92,618,314,618,406,708,406,708,314
6937,3418,1,0,10260,608,297,95,108,608,297,608,405,703,405,703,297
6938,3418,1,0,3135,731,329,55,57,731,329,731,386,786,386,786,329
6939,3419,1,0,3596,729,323,58,62,729,323,729,385,787,385,787,323
6940,3419,1,0,10812,601,304,102,106,601,304,601,410,703,410,703,304
6941,3420,1,0,4416,730,320,64,69,730,320,730,389,794,389,794,320
6942,3420,1,0,11600,592,289,100,116,592,289,592,405,692,405,692,289
6943,3421,1,0,5767,729,328,79,73,729,328,729,401,808,401,808,328
6944,3421,1,0,15870,575,283,115,138,575,283,575,421,690,421,690,283
6945,3422,1,0,7031,737,320,79,89,737,320,737,409,816,409,816,320
6946,3422,1,0,14214,574,277,103,138,574,277,574,415,677,415,677,277
6947,3423,1,0,16872,563,277,114,148,563,277,563,425,677,425,677,277
6948,3423,1,0,9996,742,313,102,98,742,313,742,411,844,411,844,313
6949,3424,1,0,21462,744,301,147,146,744,301,744,447,891,447,891,301
6950,3424,1,0,18513,546,269,121,153,546,269,546,422,667,422,667,269
6951,3425,1,0,37352,764,289,203,184,764,289,764,473,967,473,967,289
6952,3425,1,0,20615,527,270,133,155,527,270,527,425,660,425,660,270
6953,3426,1,0,82812,788,249,309,268,788,249,788,517,1097,517,1097,249
6954,3426,4,0,6840,565,338,60,114,565,338,565,452,625,452,625,338
6955,3426,1,0,23460,521,260,138,170,521,260,521,430,659,430,659,260
6956,3427,1,0,173926,882,221,398,437,882,221,882,658,1280,658,1280,221
6957,3427,1,0,26390,507,253,145,182,507,253,507,435,652,435,652,253
6958,3427,4,0,3864,554,316,28,138,554,316,554,454,582,454,582,316
6959,3428,4,0,5535,513,312,45,123,513,312,513,435,558,435,558,312
6960,3429,4,0,6532,472,304,46,142,472,304,472,446,518,446,518,304
6961,3429,1,0,36993,435,238,177,209,435,238,435,447,612,447,612,238
6962,3430,4,0,8640,412,304,54,160,412,304,412,464,466,464,466,304
6963,3430,1,0,38430,391,233,183,210,391,233,391,443,574,443,574,233
6964,3430,1,0,62062,66,282,286,217,66,282,66,499,352,499,352,282
6965,3431,1,0,70613,1,271,293,241,1,271,1,512,294,512,294,271
6966,3431,1,0,47286,303,224,222,213,303,224,303,437,525,437,525,224
6967,3431,4,0,7697,331,291,43,179,331,291,331,470,374,470,374,291
6968,3432,1,0,84656,172,193,286,296,172,193,172,489,458,489,458,193
6969,3432,4,0,11394,214,292,54,211,214,292,214,503,268,503,268,292
6970,3433,4,0,95090,464,153,185,514,464,153,464,667,649,667,649,153
6971,3434,1,0,123868,23,177,358,346,23,177,23,523,381,523,381,177
6972,3434,4,0,19125,49,275,75,255,49,275,49,530,124,530,124,275
6973,3435,1,0,130928,3,142,334,392,3,142,3,534,337,534,337,142
6974,3436,1,0,145768,0,67,274,532,0,67,0,599,274,599,274,67
6975,3437,1,0,120280,0,62,194,620,0,62,0,682,194,682,194,62
6976,3438,4,0,7452,420,364,54,138,420,364,420,502,474,502,474,364
6977,3439,4,0,12283,353,360,71,173,353,360,353,533,424,533,424,360
6978,3440,4,0,21576,264,349,93,232,264,349,264,581,357,581,357,349
6979,3441,4,0,45824,37,349,128,358,37,349,37,707,165,707,165,349
6980,3442,1,0,19723,1,387,163,121,1,387,1,508,164,508,164,387
6981,3443,2,0,2793,859,374,49,57,859,374,859,431,908,431,908,374
6982,3444,2,0,4838,863,375,59,82,863,375,863,457,922,457,922,375
6983,3445,2,0,5673,898,392,61,93,898,392,898,485,959,485,959,392
6984,3446,2,0,35250,996,321,141,250,996,321,996,571,1137,571,1137,321
6985,3447,4,0,7102,225,389,67,106,225,389,225,495,292,495,292,389
6986,3448,4,0,8851,193,359,53,167,193,359,193,526,246,526,246,359
6987,3449,1,0,19256,856,335,166,116,856,335,856,451,1022,451,1022,335
6988,3450,1,0,32880,927,327,240,137,927,327,927,464,1167,464,1167,327
6989,3451,1,0,39424,1056,328,224,176,1056,328,1056,504,1280,504,1280,328
6990,3452,4,0,35991,801,203,93,387,801,203,801,590,894,590,894,203
6991,3453,4,0,121045,435,101,215,563,435,101,435,664,650,664,650,101
6992,3454,1,0,1394,400,342,41,34,400,342,400,376,441,376,441,342
6993,3455,1,0,1892,450,342,43,44,450,342,450,386,493,386,493,342
6994,3456,1,0,2700,500,343,60,45,500,343,500,388,560,388,560,343
6995,3457,1,0,3190,560,339,58,55,560,339,560,394,618,394,618,339
6996,3458,1,0,5616,612,336,78,72,612,336,612,408,690,408,690,336
6997,3459,1,0,10509,657,335,113,93,657,335,657,428,770,428,770,335
6998,3460,1,0,24795,728,319,171,145,728,319,728,464,899,464,899,319
6999,3461,1,0,128350,855,282,425,302,855,282,855,584,1280,584,1280,282
7000,3462,2,0,14647,860,382,151,97,860,382,860,479,1011,479,1011,382
7001,3463,4,0,11840,1018,339,64,185,1018,339,1018,524,1082,524,1082,339
7002,3463,2,0,29670,929,392,215,138,929,392,929,530,1144,530,1144,392
7003,3464,2,0,2880,749,362,40,72,749,362,749,434,789,434,789,362
7004,3465,1,0,1892,561,338,44,43,561,338,561,381,605,381,605,338
7005,3466,1,0,2632,560,331,47,56,560,331,560,387,607,387,607,331
7006,3467,1,0,3128,563,324,46,68,563,324,563,392,609,392,609,324
7007,3468,1,0,3196,566,325,47,68,566,325,566,393,613,393,613,325
7008,3469,1,0,4235,567,321,55,77,567,321,567,398,622,398,622,321
7009,3470,1,0,6305,581,312,65,97,581,312,581,409,646,409,646,312
7010,3471,1,0,8436,612,303,76,111,612,303,612,414,688,414,688,303
7011,3472,2,0,7320,811,348,61,120,811,348,811,468,872,468,872,348
7012,3473,1,0,11868,655,301,92,129,655,301,655,430,747,430,747,301
7013,3474,1,0,1435,659,358,41,35,659,358,659,393,700,393,700,358
7014,3474,1,0,26352,696,268,144,183,696,268,696,451,840,451,840,268
7015,3475,1,0,73168,737,227,272,269,737,227,737,496,1009,496,1009,227
7016,3475,1,0,2250,681,359,50,45,681,359,681,404,731,404,731,359
7017,3476,1,0,4416,693,347,69,64,693,347,693,411,762,411,762,347
7018,3476,1,0,260172,842,69,438,594,842,69,842,663,1280,663,1280,69
7019,3477,1,0,5893,712,354,83,71,712,354,712,425,795,425,795,354
7020,3478,1,0,12222,743,348,126,97,743,348,743,445,869,445,869,348
7021,3479,1,0,40014,798,338,234,171,798,338,798,509,1032,509,1032,338
7022,3480,1,0,129684,974,282,303,428,974,282,974,710,1277,710,1277,282
7023,3481,1,0,1584,653,353,48,33,653,353,653,386,701,386,701,353
7024,3482,1,0,2640,652,349,55,48,652,349,652,397,707,397,707,349
7025,3483,2,0,38880,984,331,144,270,984,331,984,601,1128,601,1128,331
7026,3484,1,0,2754,661,352,54,51,661,352,661,403,715,403,715,352
7027,3485,1,0,4897,669,354,83,59,669,354,669,413,752,413,752,354
7028,3486,1,0,8652,689,347,103,84,689,347,689,431,792,431,792,347
7029,3487,1,0,25116,728,339,182,138,728,339,728,477,910,477,910,339
7030,3488,1,0,156524,844,312,436,359,844,312,844,671,1280,671,1280,312
7031,3489,2,0,5994,852,359,54,111,852,359,852,470,906,470,906,359
7032,3490,4,0,27824,1159,303,94,296,1159,303,1159,599,1253,599,1253,303
7033,3491,4,0,121047,386,185,257,471,386,185,386,656,643,656,643,185
7034,3492,2,0,5428,793,374,59,92,793,374,793,466,852,466,852,374
7035,3492,4,0,5208,801,315,42,124,801,315,801,439,843,439,843,315
7036,3492,2,0,2665,723,352,41,65,723,352,723,417,764,417,764,352
7037,3493,4,0,12864,933,315,64,201,933,315,933,516,997,516,997,315
7038,3494,4,0,6232,954,325,41,152,954,325,954,477,995,477,995,325
7039,3494,2,0,14100,940,367,94,150,940,367,940,517,1034,517,1034,367
7040,3495,4,0,15708,246,327,102,154,246,327,246,481,348,481,348,327
7041,3496,4,0,32697,92,326,173,189,92,326,92,515,265,515,265,326
7042,3496,2,0,29016,160,350,186,156,160,350,160,506,346,506,346,350
7043,3497,2,0,8502,489,412,109,78,489,412,489,490,598,490,598,412
7044,3498,2,0,9632,605,415,112,86,605,415,605,501,717,501,717,415
7045,3499,2,0,11397,734,425,131,87,734,425,734,512,865,512,865,425
7046,3500,2,0,17380,884,426,158,110,884,426,884,536,1042,536,1042,426
7047,3501,2,0,23790,1065,440,195,122,1065,440,1065,562,1260,562,1260,440
7048,3502,2,0,5959,735,376,59,101,735,376,735,477,794,477,794,376
7049,3502,2,0,1855,675,378,35,53,675,378,675,431,710,431,710,378
7050,3502,1,0,72765,0,324,315,231,0,324,0,555,315,555,315,324
7051,3503,4,0,144425,352,133,265,545,352,133,352,678,617,678,617,133
7052,3504,1,0,19570,1034,325,206,95,1034,325,1034,420,1240,420,1240,325
7053,3505,1,0,588,662,348,28,21,662,348,662,369,690,369,690,348
7054,3506,4,0,8250,927,310,50,165,927,310,927,475,977,475,977,310
7055,3507,1,0,2808,496,340,52,54,496,340,496,394,548,394,548,340
7056,3508,1,0,3422,481,339,59,58,481,339,481,397,540,397,540,339
7057,3509,1,0,4284,460,335,68,63,460,335,460,398,528,398,528,335
7058,3509,1,0,10384,0,370,118,88,0,370,0,458,118,458,118,370
7059,3510,1,0,728,662,348,28,26,662,348,662,374,690,374,690,348
7060,3511,1,0,6396,434,329,82,78,434,329,434,407,516,407,516,329
7061,3512,1,0,8840,400,331,104,85,400,331,400,416,504,416,504,331
7062,3513,4,0,6936,387,337,51,136,387,337,387,473,438,473,438,337
7063,3513,1,0,16330,341,322,142,115,341,322,341,437,483,437,483,322
7064,3514,1,0,30212,258,315,182,166,258,315,258,481,440,481,440,315
7065,3514,4,0,23664,219,331,102,232,219,331,219,563,321,563,321,331
7066,3515,1,0,97461,0,285,357,273,0,285,0,558,357,558,357,285
7067,3516,1,0,67660,3,241,170,398,3,241,3,639,173,639,173,241
7068,3517,1,0,648,660,346,27,24,660,346,660,370,687,370,687,346
7069,3518,1,0,784,656,343,28,28,656,343,656,371,684,371,684,343
7070,3519,1,0,5112,689,335,71,72,689,335,689,407,760,407,760,335
7071,3519,2,0,13923,982,380,91,153,982,380,982,533,1073,533,1073,380
7072,3519,1,0,598,591,349,23,26,591,349,591,375,614,375,614,349
7073,3520,4,0,143598,355,132,273,526,355,132,355,658,628,658,628,132
7074,3521,1,0,9016,597,319,92,98,597,319,597,417,689,417,689,319
7075,3522,1,0,30525,640,291,185,165,640,291,640,456,825,456,825,291
7076,3523,1,0,219604,774,212,506,434,774,212,774,646,1280,646,1280,212
7077,3524,1,0,25632,722,321,178,144,722,321,722,465,900,465,900,321
7078,3525,1,0,3942,664,335,73,54,664,335,664,389,737,389,737,335
7079,3526,1,0,4599,673,332,73,63,673,332,673,395,746,395,746,332
7080,3527,4,0,56650,1021,299,206,275,1021,299,1021,574,1227,574,1227,299
7081,3527,2,0,77924,1005,366,253,308,1005,366,1005,674,1258,674,1258,366
7082,3528,2,0,35328,895,401,184,192,895,401,895,593,1079,593,1079,401
7083,3528,4,0,36890,909,305,155,238,909,305,909,543,1064,543,1064,305
7084,3529,4,0,28520,824,300,124,230,824,300,824,530,948,530,948,300
7085,3529,2,0,30784,814,353,148,208,814,353,814,561,962,561,962,353
7086,3530,2,0,16060,765,393,110,146,765,393,765,539,875,539,875,393
7087,3530,4,0,15660,772,311,87,180,772,311,772,491,859,491,859,311
7088,3531,2,0,11782,716,380,86,137,716,380,716,517,802,517,802,380
7089,3531,4,0,10872,723,317,72,151,723,317,723,468,795,468,795,317
7090,3532,1,0,6188,676,329,91,68,676,329,676,397,767,397,767,329
7091,3533,1,0,7760,687,325,97,80,687,325,687,405,784,405,784,325
7092,3534,1,0,8858,695,322,103,86,695,322,695,408,798,408,798,322
7093,3535,1,0,13029,704,317,129,101,704,317,704,418,833,418,833,317
7094,3536,2,0,13400,929,386,100,134,929,386,929,520,1029,520,1029,386
7095,3536,4,0,11610,940,337,86,135,940,337,940,472,1026,472,1026,337
7096,3536,4,0,8400,927,319,60,140,927,319,927,459,987,459,987,319
7097,3537,1,0,18150,718,311,150,121,718,311,718,432,868,432,868,311
7098,3538,2,0,9594,1088,378,117,82,1088,378,1088,460,1205,460,1205,378
7099,3538,4,0,5376,1125,329,42,128,1125,329,1125,457,1167,457,1167,329
7100,3539,1,0,158717,903,242,377,421,903,242,903,663,1280,663,1280,242
7101,3540,2,0,3402,776,368,42,81,776,368,776,449,818,449,818,368
7102,3541,2,0,61040,1042,394,218,280,1042,394,1042,674,1260,674,1260,394
7103,3541,4,0,42884,1058,290,142,302,1058,290,1058,592,1200,592,1200,290
7104,3542,2,0,7326,880,374,66,111,880,374,880,485,946,485,946,374
7105,3542,4,0,6063,881,330,47,129,881,330,881,459,928,459,928,330
7106,3543,2,0,14168,314,381,92,154,314,381,314,535,406,535,406,381
7107,3544,1,0,29353,803,251,149,197,803,251,803,448,952,448,952,251
7108,3545,1,0,108702,841,164,297,366,841,164,841,530,1138,530,1138,164
7109,3545,1,0,2760,769,319,40,69,769,319,769,388,809,388,809,319
7110,3546,1,0,230408,994,4,332,694,994,4,994,698,1326,698,1326,4
7111,3546,1,0,2990,758,324,46,65,758,324,758,389,804,389,804,324
7112,3547,1,0,5394,573,292,62,87,573,292,573,379,635,379,635,292
7113,3547,2,0,5551,826,354,61,91,826,354,826,445,887,445,887,354
7114,3548,4,0,17613,984,316,103,171,984,316,984,487,1087,487,1087,316
7115,3548,2,0,20160,984,360,120,168,984,360,984,528,1104,528,1104,360
7116,3548,1,0,5429,569,291,61,89,569,291,569,380,630,380,630,291
7117,3549,1,0,5070,311,338,78,65,311,338,311,403,389,403,389,338
7118,3549,1,0,10070,479,294,95,106,479,294,479,400,574,400,574,294
7119,3550,1,0,42480,472,200,180,236,472,200,472,436,652,436,652,200
7120,3551,1,0,35496,477,229,174,204,477,229,477,433,651,433,651,229
7121,3552,1,0,41032,473,214,184,223,473,214,473,437,657,437,657,214
7122,3553,1,0,34528,474,232,166,208,474,232,474,440,640,440,640,232
7123,3554,1,0,57449,531,177,203,283,531,177,531,460,734,460,734,177
7124,3555,1,0,58425,523,168,205,285,523,168,523,453,728,453,728,168
7125,3556,1,0,68440,498,161,236,290,498,161,498,451,734,451,734,161
7126,3557,1,0,75520,473,160,256,295,473,160,473,455,729,455,729,160
7127,3558,1,0,54725,516,181,199,275,516,181,516,456,715,456,715,181
7128,3559,1,0,54270,524,188,201,270,524,188,524,458,725,458,725,188
7129,3560,1,0,50764,529,192,196,259,529,192,529,451,725,451,725,192
7130,3561,1,0,55600,526,179,200,278,526,179,526,457,726,457,726,179
7131,3562,2,0,1922,643,358,31,62,643,358,643,420,674,420,674,358
7132,3562,2,0,1716,585,368,33,52,585,368,585,420,618,420,618,368
7133,3562,2,0,2205,538,378,35,63,538,378,538,441,573,441,573,378
7134,3562,2,0,2726,768,351,47,58,768,351,768,409,815,409,815,351
7135,3563,2,0,6820,463,333,62,110,463,333,463,443,525,443,525,333
7136,3564,2,0,5890,470,351,62,95,470,351,470,446,532,446,532,351
7137,3565,2,0,5612,481,362,61,92,481,362,481,454,542,454,542,362
7138,3566,2,0,5992,494,351,56,107,494,351,494,458,550,458,550,351
7139,3567,1,0,67731,213,230,321,211,213,230,213,441,534,441,534,230
7140,3567,1,0,2907,606,320,51,57,606,320,606,377,657,377,657,320
7141,3568,1,0,129204,59,191,444,291,59,191,59,482,503,482,503,191
7142,3568,1,0,2976,605,315,48,62,605,315,605,377,653,377,653,315
7143,3569,1,0,3038,601,317,49,62,601,317,601,379,650,379,650,317
7144,3569,1,0,208302,0,104,447,466,0,104,0,570,447,570,447,104
7145,3570,1,0,3648,591,315,57,64,591,315,591,379,648,379,648,315
7146,3570,1,0,212212,0,0,364,583,0,0,0,583,364,583,364,0
7147,3570,2,0,2898,886,339,46,63,886,339,886,402,932,402,932,339
7148,3571,1,0,3604,590,314,53,68,590,314,590,382,643,382,643,314
7149,3571,2,0,5544,940,350,84,66,940,350,940,416,1024,416,1024,350
7150,3572,1,0,59823,472,190,207,289,472,190,472,479,679,479,679,190
7151,3572,1,0,27742,895,292,194,143,895,292,895,435,1089,435,1089,292
7152,3573,1,0,60480,471,201,210,288,471,201,471,489,681,489,681,201
7153,3573,1,0,56539,993,285,287,197,993,285,993,482,1280,482,1280,285
7154,3573,4,0,3230,355,331,34,95,355,331,355,426,389,426,389,331
7155,3573,4,0,3201,287,330,33,97,287,330,287,427,320,427,320,330
7156,3574,1,0,60844,471,202,212,287,471,202,471,489,683,489,683,202
7157,3574,4,0,5376,284,324,42,128,284,324,284,452,326,452,326,324
7158,3574,3,0,6110,220,360,65,94,220,360,220,454,285,454,285,360
7159,3575,1,0,62274,481,203,214,291,481,203,481,494,695,494,695,203
7160,3575,4,0,11792,147,324,67,176,147,324,147,500,214,500,214,324
7161,3576,1,0,53560,485,226,206,260,485,226,485,486,691,486,691,226
7162,3577,1,0,55470,495,237,215,258,495,237,495,495,710,495,710,237
7163,3577,3,0,8736,1090,378,78,112,1090,378,1090,490,1168,490,1168,378
7164,3578,1,0,51940,508,250,212,245,508,250,508,495,720,495,720,250
7165,3579,1,0,52644,513,246,214,246,513,246,513,492,727,492,727,246
7166,3580,1,0,47736,526,256,204,234,526,256,526,490,730,490,730,256
7167,3581,1,0,43708,538,256,196,223,538,256,538,479,734,479,734,256
7168,3582,1,0,42780,547,250,186,230,547,250,547,480,733,480,733,250
7169,3583,1,0,43130,545,248,190,227,545,248,545,475,735,475,735,248
7170,3584,1,0,49256,543,216,188,262,543,216,543,478,731,478,731,216
7171,3585,1,0,40515,536,252,185,219,536,252,536,471,721,471,721,252
7172,3586,1,0,39585,522,259,195,203,522,259,522,462,717,462,717,259
7173,3587,1,0,34293,525,253,161,213,525,253,525,466,686,466,686,253
7174,3588,1,0,29796,513,275,156,191,513,275,513,466,669,466,669,275
7175,3588,1,0,4032,678,307,56,72,678,307,678,379,734,379,734,307
7176,3589,1,0,32144,501,270,164,196,501,270,501,466,665,466,665,270
7177,3589,1,0,4788,678,303,63,76,678,303,678,379,741,379,741,303
7178,3590,1,0,28906,507,272,149,194,507,272,507,466,656,466,656,272
7179,3590,1,0,5727,686,302,69,83,686,302,686,385,755,385,755,302
7180,3591,1,0,29100,506,272,150,194,506,272,506,466,656,466,656,272
7181,3591,1,0,6525,691,299,75,87,691,299,691,386,766,386,766,299
7182,3592,1,0,8232,703,289,84,98,703,289,703,387,787,387,787,289
7183,3592,1,0,29915,503,271,155,193,503,271,503,464,658,464,658,271
7184,3593,1,0,10120,713,285,92,110,713,285,713,395,805,395,805,285
7185,3593,1,0,29414,507,272,154,191,507,272,507,463,661,463,661,272
7186,3594,1,0,11770,731,279,107,110,731,279,731,389,838,389,838,279
7187,3594,4,0,1050,712,339,21,50,712,339,712,389,733,389,733,339
7188,3594,1,0,29388,507,271,158,186,507,271,507,457,665,457,665,271
7189,3595,4,0,1407,720,329,21,67,720,329,720,396,741,396,741,329
7190,3595,4,0,1792,731,340,28,64,731,340,731,404,759,404,759,340
7191,3595,4,0,3589,833,331,37,97,833,331,833,428,870,428,870,331
7192,3595,1,0,16958,740,268,122,139,740,268,740,407,862,407,862,268
7193,3595,1,0,29223,509,268,153,191,509,268,509,459,662,459,662,268
7194,3596,1,0,25434,757,256,157,162,757,256,757,418,914,418,914,256
7195,3596,4,0,6240,976,326,52,120,976,326,976,446,1028,446,1028,326
7196,3596,4,0,2975,751,327,35,85,751,327,751,412,786,412,786,327
7197,3596,1,0,28565,518,260,145,197,518,260,518,457,663,457,663,260
7198,3597,1,0,43424,707,284,236,184,707,284,707,468,943,468,943,284
7199,3597,1,0,130168,973,180,307,424,973,180,973,604,1280,604,1280,180
7200,3597,1,0,13860,502,279,105,132,502,279,502,411,607,411,607,279
7201,3597,1,0,3888,619,296,54,72,619,296,619,368,673,368,673,296
7202,3597,1,0,6162,666,311,79,78,666,311,666,389,745,389,745,311
7203,3598,1,0,6486,649,284,69,94,649,284,649,378,718,378,718,284
7204,3598,1,0,12740,519,278,98,130,519,278,519,408,617,408,617,278
7205,3598,1,0,63344,775,271,296,214,775,271,775,485,1071,485,1071,271
7206,3599,1,0,3300,484,330,60,55,484,330,484,385,544,385,544,330
7207,3599,1,0,2080,541,337,52,40,541,337,541,377,593,377,593,337
7208,3600,1,0,810,654,339,30,27,654,339,654,366,684,366,684,339
7209,3601,3,0,10695,378,345,93,115,378,345,378,460,471,460,471,345
7210,3602,3,0,16520,316,349,118,140,316,349,316,489,434,489,434,349
7211,3603,3,0,25760,238,353,161,160,238,353,238,513,399,513,399,353
7212,3604,1,0,6804,405,345,84,81,405,345,405,426,489,426,489,345
7213,3604,1,0,272,613,343,17,16,613,343,613,359,630,359,630,343
7214,3605,1,0,4234,220,331,73,58,220,331,220,389,293,389,293,331
7215,3606,4,0,19000,891,263,95,200,891,263,891,463,986,463,986,263
7216,3606,4,0,8100,192,301,50,162,192,301,192,463,242,463,242,301
7217,3606,1,0,25551,25,329,167,153,25,329,25,482,192,482,192,329
7218,3607,1,0,187389,759,148,443,423,759,148,759,571,1202,571,1202,148
7219,3608,1,0,108486,911,242,369,294,911,242,911,536,1280,536,1280,242
7220,3609,3,0,1443,1174,316,37,39,1174,316,1174,355,1211,355,1211,316
7221,3609,1,0,3224,1142,265,52,62,1142,265,1142,327,1194,327,1194,265
7222,3610,1,0,7310,675,324,85,86,675,324,675,410,760,410,760,324
7223,3610,1,0,3120,622,329,52,60,622,329,622,389,674,389,674,329
7224,3610,1,0,1230,492,345,41,30,492,345,492,375,533,375,533,345
7225,3611,1,0,168896,903,227,377,448,903,227,903,675,1280,675,1280,227
7226,3611,1,0,2925,649,335,75,39,649,335,649,374,724,374,724,335
7227,3612,1,0,11023,797,331,151,73,797,331,797,404,948,404,948,331
7228,3612,1,0,8722,1191,321,89,98,1191,321,1191,419,1280,419,1280,321
7229,3613,1,0,15023,846,329,181,83,846,329,846,412,1027,412,1027,329
7230,3614,1,0,24336,914,325,234,104,914,325,914,429,1148,429,1148,325
7231,3615,1,0,34706,1021,318,259,134,1021,318,1021,452,1280,452,1280,318
7232,3616,2,0,3404,699,356,46,74,699,356,699,430,745,430,745,356
7233,3616,2,0,1827,736,353,29,63,736,353,736,416,765,416,765,353
7234,3617,2,0,12740,805,353,91,140,805,353,805,493,896,493,896,353
7235,3618,2,0,18271,997,380,121,151,997,380,997,531,1118,531,1118,380
7236,3619,2,0,612,677,348,17,36,677,348,677,384,694,384,694,348
7237,3620,2,0,1485,710,346,27,55,710,346,710,401,737,401,737,346
7238,3621,2,0,3840,768,346,48,80,768,346,768,426,816,426,816,346
7239,3622,2,0,10836,936,358,84,129,936,358,936,487,1020,487,1020,358
7240,3622,1,0,25777,871,263,173,149,871,263,871,412,1044,412,1044,263
7241,3623,1,0,30600,948,246,170,180,948,246,948,426,1118,426,1118,246
7242,3624,1,0,44928,1073,219,192,234,1073,219,1073,453,1265,453,1265,219
7243,3625,1,0,2058,737,314,49,42,737,314,737,356,786,356,786,314
7244,3626,2,0,1110,781,341,30,37,781,341,781,378,811,378,811,341
7245,3627,2,0,1944,816,336,36,54,816,336,816,390,852,390,852,336
7246,3627,1,0,4270,783,294,61,70,783,294,783,364,844,364,844,294
7247,3628,1,0,4864,797,293,64,76,797,293,797,369,861,369,861,293
7248,3628,2,0,4212,885,338,52,81,885,338,885,419,937,419,937,338
7249,3628,2,0,1456,836,331,28,52,836,331,836,383,864,383,864,331
7250,3629,1,0,6696,817,285,72,93,817,285,817,378,889,378,889,285
7251,3629,2,0,8954,1049,348,74,121,1049,348,1049,469,1123,469,1123,348
7252,3629,2,0,2010,884,328,30,67,884,328,884,395,914,395,914,328
7253,3630,1,0,11280,843,274,94,120,843,274,843,394,937,394,937,274
7254,3630,2,0,4200,952,339,50,84,952,339,952,423,1002,423,1002,339
7255,3631,2,0,7080,1094,345,60,118,1094,345,1094,463,1154,463,1154,345
7256,3631,1,0,17316,876,260,111,156,876,260,876,416,987,416,987,260
7257,3632,1,0,49852,899,216,206,242,899,216,899,458,1105,458,1105,216
7258,3633,1,0,150920,971,86,308,490,971,86,971,576,1279,576,1279,86
7259,3633,2,0,920,787,342,23,40,787,342,787,382,810,382,810,342
7260,3633,2,0,4017,916,336,39,103,916,336,916,439,955,439,955,336
7261,3634,2,0,660,770,350,20,33,770,350,770,383,790,383,790,350
7262,3634,2,0,18054,1014,358,102,177,1014,358,1014,535,1116,535,1116,358
7263,3635,2,0,684,720,353,19,36,720,353,720,389,739,389,739,353
7264,3636,2,0,1488,683,346,31,48,683,346,683,394,714,394,714,346
7265,3637,2,0,855,659,344,19,45,659,344,659,389,678,389,678,344
7266,3638,2,0,1485,631,346,27,55,631,346,631,401,658,401,658,346
7267,3639,1,0,1160,715,333,40,29,715,333,715,362,755,362,755,333
7268,3639,2,0,1575,613,352,35,45,613,352,613,397,648,397,648,352
7269,3640,1,0,1054,690,328,34,31,690,328,690,359,724,359,724,328
7270,3640,1,0,1702,710,330,46,37,710,330,710,367,756,367,756,330
7271,3640,2,0,1040,606,357,26,40,606,357,606,397,632,397,632,357
7272,3641,1,0,1419,713,332,43,33,713,332,713,365,756,365,756,332
7273,3641,2,0,1431,598,350,27,53,598,350,598,403,625,403,625,350
7274,3641,1,0,1050,686,328,35,30,686,328,686,358,721,358,721,328
7275,3642,1,0,2544,714,325,53,48,714,325,714,373,767,373,767,325
7276,3642,1,0,1320,684,322,33,40,684,322,684,362,717,362,717,322
7277,3642,2,0,3096,584,336,43,72,584,336,584,408,627,408,627,336
7278,3643,1,0,2695,725,326,55,49,725,326,725,375,780,375,780,326
7279,3643,1,0,1628,682,325,44,37,682,325,682,362,726,362,726,325
7280,3644,1,0,4875,739,321,75,65,739,321,739,386,814,386,814,321
7281,3644,1,0,2444,687,319,47,52,687,319,687,371,734,371,734,319
7282,3644,2,0,2886,577,337,37,78,577,337,577,415,614,415,614,337
7283,3645,1,0,8526,778,322,98,87,778,322,778,409,876,409,876,322
7284,3645,1,0,2756,700,317,52,53,700,317,700,370,752,370,752,317
7285,3645,2,0,4224,575,327,44,96,575,327,575,423,619,423,619,327
7286,3646,1,0,4560,707,318,76,60,707,318,707,378,783,378,783,318
7287,3646,1,0,22230,821,309,171,130,821,309,821,439,992,439,992,309
7288,3646,2,0,1120,627,339,32,35,627,339,627,374,659,374,659,339
7289,3646,2,0,5217,577,323,47,111,577,323,577,434,624,434,624,323
7290,3647,1,0,76726,942,289,338,227,942,289,942,516,1280,516,1280,289
7291,3647,1,0,5508,734,318,81,68,734,318,734,386,815,386,815,318
7292,3647,2,0,4418,579,337,47,94,579,337,579,431,626,431,626,337
7293,3648,1,0,12154,746,300,118,103,746,300,746,403,864,403,864,300
7294,3648,2,0,5040,573,326,48,105,573,326,573,431,621,431,621,326
7295,3649,1,0,29862,782,285,189,158,782,285,782,443,971,443,971,285
7296,3649,2,0,5929,559,314,49,121,559,314,559,435,608,435,608,314
7297,3649,2,0,1908,631,321,36,53,631,321,631,374,667,374,667,321
7298,3649,2,0,1150,697,314,23,50,697,314,697,364,720,364,720,314
7299,3650,1,0,124310,879,223,401,310,879,223,879,533,1280,533,1280,223
7300,3650,2,0,4773,549,322,43,111,549,322,549,433,592,433,592,322
7301,3650,2,0,1456,632,320,26,56,632,320,632,376,658,376,658,320
7302,3650,2,0,1290,699,325,30,43,699,325,699,368,729,368,729,325
7303,3651,2,0,7072,534,311,52,136,534,311,534,447,586,447,586,311
7304,3651,2,0,1782,717,323,33,54,717,323,717,377,750,377,750,323
7305,3651,2,0,924,689,323,22,42,689,323,689,365,711,365,711,323
7306,3651,2,0,1767,628,321,31,57,628,321,628,378,659,378,659,321
7307,3652,2,0,2760,746,318,40,69,746,318,746,387,786,387,786,318
7308,3652,2,0,8062,521,314,58,139,521,314,521,453,579,453,579,314
7309,3652,2,0,1715,623,322,35,49,623,322,623,371,658,371,658,322
7310,3653,2,0,4264,794,326,52,82,794,326,794,408,846,408,846,326
7311,3653,2,0,1456,710,325,28,52,710,325,710,377,738,377,738,325
7312,3653,2,0,1456,631,326,28,52,631,326,631,378,659,378,659,326
7313,3653,2,0,9928,510,314,68,146,510,314,510,460,578,460,578,314
7314,3654,2,0,13680,903,315,95,144,903,315,903,459,998,459,998,315
7315,3654,2,0,9576,510,311,63,152,510,311,510,463,573,463,573,311
7316,3654,2,0,2318,724,322,38,61,724,322,724,383,762,383,762,322
7317,3654,2,0,1848,628,323,33,56,628,323,628,379,661,379,661,323
7318,3655,2,0,10140,512,303,65,156,512,303,512,459,577,459,577,303
7319,3655,2,0,2450,755,322,35,70,755,322,755,392,790,392,790,322
7320,3655,2,0,2030,630,322,35,58,630,322,630,380,665,380,665,322
7321,3656,2,0,10899,512,298,63,173,512,298,512,471,575,471,575,298
7322,3656,2,0,4048,801,318,44,92,801,318,801,410,845,410,845,318
7323,3657,2,0,9100,884,319,70,130,884,319,884,449,954,449,954,319
7324,3657,2,0,1215,632,328,27,45,632,328,632,373,659,373,659,328
7325,3657,2,0,12920,506,303,76,170,506,303,506,473,582,473,582,303
7326,3658,2,0,41940,1063,311,180,233,1063,311,1063,544,1243,544,1243,311
7327,3658,1,0,13230,771,281,126,105,771,281,771,386,897,386,897,281
7328,3658,2,0,1428,626,332,34,42,626,332,626,374,660,374,660,332
7329,3658,2,0,15036,493,302,84,179,493,302,493,481,577,481,577,302
7330,3659,1,0,24752,797,277,221,112,797,277,797,389,1018,389,1018,277
7331,3659,2,0,14162,494,292,73,194,494,292,494,486,567,486,567,292
7332,3659,2,0,1342,631,321,22,61,631,321,631,382,653,382,653,321
7333,3659,2,0,990,687,323,22,45,687,323,687,368,709,368,709,323
7334,3660,2,0,12864,490,292,67,192,490,292,490,484,557,484,557,292
7335,3660,2,0,1610,618,332,35,46,618,332,618,378,653,378,653,332
7336,3660,1,0,37113,814,260,267,139,814,260,814,399,1081,399,1081,260
7337,3661,2,0,15323,477,289,77,199,477,289,477,488,554,488,554,289
7338,3661,2,0,2556,736,317,36,71,736,317,736,388,772,388,772,317
7339,3661,1,0,49640,838,255,340,146,838,255,838,401,1178,401,1178,255
7340,3661,2,0,1740,613,321,30,58,613,321,613,379,643,379,643,321
7341,3662,1,0,63410,873,249,373,170,873,249,873,419,1246,419,1246,249
7342,3662,2,0,5832,790,314,54,108,790,314,790,422,844,422,844,314
7343,3662,2,0,16037,464,292,79,203,464,292,464,495,543,495,543,292
7344,3662,2,0,1342,684,322,22,61,684,322,684,383,706,383,706,322
7345,3662,2,0,1296,717,326,24,54,717,326,717,380,741,380,741,326
7346,3662,2,0,1426,617,320,23,62,617,320,617,382,640,382,640,320
7347,3662,1,0,2064,572,321,43,48,572,321,572,369,615,369,615,321
7348,3663,1,0,76020,911,230,362,210,911,230,911,440,1273,440,1273,230
7349,3663,2,0,1508,714,330,26,58,714,330,714,388,740,388,740,330
7350,3663,2,0,13731,455,299,69,199,455,299,455,498,524,498,524,299
7351,3663,1,0,1728,571,330,36,48,571,330,571,378,607,378,607,330
7352,3663,2,0,26741,949,299,121,221,949,299,949,520,1070,520,1070,299
7353,3663,2,0,1334,740,332,23,58,740,332,740,390,763,390,763,332
7354,3663,2,0,1674,696,327,27,62,696,327,696,389,723,389,723,327
7355,3663,2,0,1566,612,331,29,54,612,331,612,385,641,385,641,331
7356,3664,1,0,77658,979,215,301,258,979,215,979,473,1280,473,1280,215
7357,3664,1,0,2236,563,326,43,52,563,326,563,378,606,378,606,326
7358,3664,2,0,3402,766,328,42,81,766,328,766,409,808,409,808,328
7359,3664,2,0,2772,718,325,36,77,718,325,718,402,754,402,754,325
7360,3664,2,0,18711,425,309,99,189,425,309,425,498,524,498,524,309
7361,3665,2,0,4472,829,329,43,104,829,329,829,433,872,433,872,329
7362,3665,2,0,5457,760,323,51,107,760,323,760,430,811,430,811,323
7363,3665,1,0,1927,567,326,41,47,567,326,567,373,608,373,608,326
7364,3665,2,0,17181,426,301,83,207,426,301,426,508,509,508,509,301
7365,3666,2,0,13950,949,325,90,155,949,325,949,480,1039,480,1039,325
7366,3666,2,0,15570,836,308,90,173,836,308,836,481,926,481,926,308
7367,3666,2,0,17765,418,299,85,209,418,299,418,508,503,508,503,299
7368,3666,2,0,1550,611,329,25,62,611,329,611,391,636,391,636,329
7369,3666,2,0,1325,595,331,25,53,595,331,595,384,620,384,620,331
7370,3666,2,0,1173,551,332,23,51,551,332,551,383,574,383,574,332
7371,3667,1,0,2499,567,329,49,51,567,329,567,380,616,380,616,329
7372,3667,2,0,35076,1004,318,148,237,1004,318,1004,555,1152,555,1152,318
7373,3667,2,0,15678,417,307,78,201,417,307,417,508,495,508,495,307
7374,3667,2,0,1180,615,331,20,59,615,331,615,390,635,390,635,331
7375,3667,2,0,901,555,330,17,53,555,330,555,383,572,383,572,330
7376,3667,2,0,918,602,329,17,54,602,329,602,383,619,383,619,329
7377,3667,1,0,3312,475,314,69,48,475,314,475,362,544,362,544,314
7378,3668,1,0,2160,569,332,45,48,569,332,569,380,614,380,614,332
7379,3668,2,0,1800,609,330,30,60,609,330,609,390,639,390,639,330
7380,3668,2,0,14454,416,308,73,198,416,308,416,506,489,506,489,308
7381,3668,1,0,8125,298,322,125,65,298,322,298,387,423,387,423,322
7382,3668,1,0,5133,458,308,87,59,458,308,458,367,545,367,545,308
7383,3669,2,0,1380,616,331,23,60,616,331,616,391,639,391,639,331
7384,3669,2,0,1155,598,329,21,55,598,329,598,384,619,384,619,329
7385,3669,1,0,2208,573,329,46,48,573,329,573,377,619,377,619,329
7386,3669,2,0,1484,547,330,28,53,547,330,547,383,575,383,575,330
7387,3669,1,0,4988,452,307,86,58,452,307,452,365,538,365,538,307
7388,3669,1,0,11899,263,316,163,73,263,316,263,389,426,389,426,316
7389,3669,2,0,17114,408,307,86,199,408,307,408,506,494,506,494,307
7390,3669,2,0,697,674,333,17,41,674,333,674,374,691,374,691,333
7391,3670,1,0,2150,570,329,50,43,570,329,570,372,620,372,620,329
7392,3670,2,0,1188,597,329,22,54,597,329,597,383,619,383,619,329
7393,3670,2,0,1342,615,331,22,61,615,331,615,392,637,392,637,331
7394,3670,2,0,1200,547,333,24,50,547,333,547,383,571,383,571,333
7395,3670,2,0,15210,418,309,78,195,418,309,418,504,496,504,496,309
7396,3670,2,0,1144,683,329,22,52,683,329,683,381,705,381,705,329
7397,3670,1,0,12921,231,321,177,73,231,321,231,394,408,394,408,321
7398,3670,1,0,8235,405,305,135,61,405,305,405,366,540,366,540,305
7399,3671,2,0,1350,702,334,27,50,702,334,702,384,729,384,729,334
7400,3671,2,0,2010,611,328,30,67,611,328,611,395,641,395,641,328
7401,3671,2,0,1368,597,329,24,57,597,329,597,386,621,386,621,329
7402,3671,1,0,2862,570,324,54,53,570,324,570,377,624,377,624,324
7403,3671,2,0,1219,547,329,23,53,547,329,547,382,570,382,570,329
7404,3671,1,0,9425,393,303,145,65,393,303,393,368,538,368,538,303
7405,3671,1,0,18318,183,312,213,86,183,312,183,398,396,398,396,312
7406,3671,2,0,16856,424,307,86,196,424,307,424,503,510,503,510,307
7407,3672,2,0,14861,449,301,77,193,449,301,449,494,526,494,526,301
7408,3672,1,0,2304,577,328,48,48,577,328,577,376,625,376,625,328
7409,3672,2,0,2812,728,325,38,74,728,325,728,399,766,399,766,325
7410,3672,2,0,1836,613,323,27,68,613,323,613,391,640,391,640,323
7411,3672,1,0,23424,130,310,244,96,130,310,130,406,374,406,374,310
7412,3673,1,0,31970,60,303,278,115,60,303,60,418,338,418,338,303
7413,3673,2,0,3822,790,322,39,98,790,322,790,420,829,420,829,322
7414,3673,1,0,1845,758,333,41,45,758,333,758,378,799,378,799,333
7415,3673,2,0,2440,600,329,40,61,600,329,600,390,640,390,640,329
7416,3673,1,0,2444,572,328,52,47,572,328,572,375,624,375,624,328
7417,3673,2,0,14516,453,305,76,191,453,305,453,496,529,496,529,305
7418,3674,1,0,42328,0,291,296,143,0,291,0,434,296,434,296,291
7419,3674,1,0,14175,347,294,175,81,347,294,347,375,522,375,522,294
7420,3674,2,0,15642,455,298,79,198,455,298,455,496,534,496,534,298
7421,3674,2,0,18824,914,310,104,181,914,310,914,491,1018,491,1018,310
7422,3674,1,0,2550,767,333,51,50,767,333,767,383,818,383,818,333
7423,3674,2,0,2520,606,325,36,70,606,325,606,395,642,395,642,325
7424,3674,1,0,2548,576,326,49,52,576,326,576,378,625,378,625,326
7425,3674,2,0,1464,551,326,24,61,551,326,551,387,575,387,575,326
7426,3675,2,0,15200,460,298,80,190,460,298,460,488,540,488,540,298
7427,3675,2,0,2590,601,322,35,74,601,322,601,396,636,396,636,322
7428,3675,1,0,2726,781,328,47,58,781,328,781,386,828,386,828,328
7429,3675,1,0,39200,0,284,224,175,0,284,0,459,224,459,224,284
7430,3675,1,0,16833,328,289,181,93,328,289,328,382,509,382,509,289
7431,3675,2,0,1449,553,327,23,63,553,327,553,390,576,390,576,327
7432,3676,2,0,15687,464,300,83,189,464,300,464,489,547,489,547,300
7433,3676,1,0,3596,787,332,62,58,787,332,787,390,849,390,849,332
7434,3676,2,0,2728,609,328,44,62,609,328,609,390,653,390,653,328
7435,3676,1,0,1696,576,330,32,53,576,330,576,383,608,383,608,330
7436,3676,1,0,18228,310,284,186,98,310,284,310,382,496,382,496,284
7437,3676,1,0,8366,139,308,94,89,139,308,139,397,233,397,233,308
7438,3677,1,0,3456,801,335,64,54,801,335,801,389,865,389,865,335
7439,3677,2,0,15048,462,298,76,198,462,298,462,496,538,496,538,298
7440,3677,1,0,2600,577,329,52,50,577,329,577,379,629,379,629,329
7441,3677,2,0,2541,601,328,33,77,601,328,601,405,634,405,634,328
7442,3677,2,0,1416,627,329,24,59,627,329,627,388,651,388,651,329
7443,3677,2,0,1856,551,327,29,64,551,327,551,391,580,391,580,327
7444,3677,1,0,22366,280,278,211,106,280,278,280,384,491,384,491,278
7445,3677,1,0,11716,58,307,116,101,58,307,58,408,174,408,174,307
7446,3678,2,0,14322,461,304,77,186,461,304,461,490,538,490,538,304
7447,3678,1,0,2304,581,332,48,48,581,332,581,380,629,380,629,332
7448,3678,1,0,3835,816,336,65,59,816,336,816,395,881,395,881,336
7449,3678,2,0,1537,624,338,29,53,624,338,624,391,653,391,653,338
7450,3678,2,0,2414,599,334,34,71,599,334,599,405,633,405,633,334
7451,3678,2,0,1860,554,330,30,62,554,330,554,392,584,392,584,330
7452,3678,1,0,27608,256,275,232,119,256,275,256,394,488,394,488,275
7453,3678,1,0,11872,0,306,106,112,0,306,0,418,106,418,106,306
7454,3679,1,0,4526,830,336,73,62,830,336,830,398,903,398,903,336
7455,3679,2,0,1782,626,339,33,54,626,339,626,393,659,393,659,339
7456,3679,2,0,2706,597,329,33,82,597,329,597,411,630,411,630,329
7457,3679,2,0,2070,554,326,30,69,554,326,554,395,584,395,584,326
7458,3679,2,0,15642,454,299,79,198,454,299,454,497,533,497,533,299
7459,3679,1,0,33909,212,264,267,127,212,264,212,391,479,391,479,264
7460,3680,1,0,5168,848,334,76,68,848,334,848,402,924,402,924,334
7461,3680,1,0,40826,169,264,298,137,169,264,169,401,467,401,467,264
7462,3680,2,0,14819,456,301,73,203,456,301,456,504,529,504,529,301
7463,3680,2,0,2772,599,330,33,84,599,330,599,414,632,414,632,330
7464,3680,2,0,1700,631,327,25,68,631,327,631,395,656,395,656,327
7465,3680,2,0,2448,554,331,34,72,554,331,554,403,588,403,588,331
7466,3681,1,0,6474,872,336,83,78,872,336,872,414,955,414,955,336
7467,3681,1,0,57376,113,248,352,163,113,248,113,411,465,411,465,248
7468,3681,2,0,18423,452,303,89,207,452,303,452,510,541,510,541,303
7469,3681,2,0,4004,590,329,44,91,590,329,590,420,634,420,634,329
7470,3681,2,0,2100,631,329,30,70,631,329,631,399,661,399,661,329
7471,3681,2,0,2665,552,335,41,65,552,335,552,400,593,400,593,335
7472,3682,1,0,72540,41,246,390,186,41,246,41,432,431,432,431,246
7473,3682,2,0,15656,462,303,76,206,462,303,462,509,538,509,538,303
7474,3682,1,0,7680,890,334,96,80,890,334,890,414,986,414,986,334
7475,3682,2,0,1932,636,328,28,69,636,328,636,397,664,397,664,328
7476,3682,2,0,4080,585,336,48,85,585,336,585,421,633,421,633,336
7477,3682,2,0,2409,557,332,33,73,557,332,557,405,590,405,590,332
7478,3683,1,0,84018,0,232,402,209,0,232,0,441,402,441,402,232
7479,3683,2,0,16281,465,305,81,201,465,305,465,506,546,506,546,305
7480,3683,1,0,10528,918,327,112,94,918,327,918,421,1030,421,1030,327
7481,3683,2,0,3760,590,333,40,94,590,333,590,427,630,427,630,333
7482,3683,2,0,2146,635,328,29,74,635,328,635,402,664,402,664,328
7483,3683,2,0,2277,560,332,33,69,560,332,560,401,593,401,593,332
7484,3684,1,0,12672,949,331,128,99,949,331,949,430,1077,430,1077,331
7485,3684,1,0,89391,0,203,359,249,0,203,0,452,359,452,359,203
7486,3684,2,0,20140,462,305,95,212,462,305,462,517,557,517,557,305
7487,3684,2,0,3822,586,331,39,98,586,331,586,429,625,429,625,331
7488,3684,2,0,2294,638,327,31,74,638,327,638,401,669,401,669,327
7489,3684,2,0,2077,562,335,31,67,562,335,562,402,593,402,593,335
7490,3685,1,0,91800,0,190,306,300,0,190,0,490,306,490,306,190
7491,3685,2,0,16810,482,307,82,205,482,307,482,512,564,512,564,307
7492,3685,2,0,3128,588,336,34,92,588,336,588,428,622,428,622,336
7493,3685,2,0,2720,565,336,40,68,565,336,565,404,605,404,605,336
7494,3685,2,0,2850,641,328,38,75,641,328,641,403,679,403,679,328
7495,3685,1,0,17670,989,327,155,114,989,327,989,441,1144,441,1144,327
7496,3685,2,0,2666,610,327,31,86,610,327,610,413,641,413,641,327
7497,3686,1,0,26112,1026,321,192,136,1026,321,1026,457,1218,457,1218,321
7498,3686,1,0,86460,0,135,220,393,0,135,0,528,220,528,220,135
7499,3686,2,0,16146,488,308,78,207,488,308,488,515,566,515,566,308
7500,3686,2,0,4095,581,330,39,105,581,330,581,435,620,435,620,330
7501,3686,2,0,2407,619,327,29,83,619,327,619,410,648,410,648,327
7502,3686,2,0,2280,650,323,30,76,650,323,650,399,680,399,680,323
7503,3687,1,0,25159,1099,324,181,139,1099,324,1099,463,1280,463,1280,324
7504,3687,2,0,2387,655,325,31,77,655,325,655,402,686,402,686,325
7505,3687,2,0,4370,610,323,46,95,610,323,610,418,656,418,656,323
7506,3687,2,0,19313,494,314,89,217,494,314,494,531,583,531,583,314
7507,3687,2,0,4730,577,326,43,110,577,326,577,436,620,436,620,326
7508,3688,2,0,13340,498,378,92,145,498,378,498,523,590,523,590,378
7509,3688,2,0,2418,580,374,39,62,580,374,580,436,619,436,619,374
7510,3688,2,0,2242,617,359,38,59,617,359,617,418,655,418,655,359
7511,3688,2,0,1452,662,356,33,44,662,356,662,400,695,400,695,356
7512,3688,1,0,16280,1170,320,110,148,1170,320,1170,468,1280,468,1280,320
7513,3688,2,0,1110,747,337,30,37,747,337,747,374,777,374,777,337
7514,3688,4,0,13425,508,300,75,179,508,300,508,479,583,479,583,300
7515,3688,4,0,3496,581,322,38,92,581,322,581,414,619,414,619,322
7516,3688,4,0,2160,660,322,36,60,660,322,660,382,696,382,696,322
7517,3688,4,0,2160,623,316,30,72,623,316,623,388,653,388,653,316
7518,3689,4,0,828,716,326,18,46,716,326,716,372,734,372,734,326
7519,3689,2,0,9717,515,392,79,123,515,392,515,515,594,515,594,392
7520,3689,2,0,3243,614,348,47,69,614,348,614,417,661,417,661,348
7521,3689,2,0,1419,754,336,33,43,754,336,754,379,787,379,787,336
7522,3689,1,0,5183,623,321,71,73,623,321,623,394,694,394,694,321
7523,3689,2,0,1802,665,346,34,53,665,346,665,399,699,399,699,346
7524,3689,4,0,1740,670,322,30,58,670,322,670,380,700,380,700,322
7525,3689,4,0,2925,582,320,39,75,582,320,582,395,621,395,621,320
7526,3689,4,0,10878,517,306,74,147,517,306,517,453,591,453,591,306
7527,3689,2,0,2418,582,375,39,62,582,375,582,437,621,437,621,375
7528,3690,2,0,1581,776,338,31,51,776,338,776,389,807,389,807,338
7529,3690,4,0,1674,677,318,31,54,677,318,677,372,708,372,708,318
7530,3690,2,0,1560,676,347,30,52,676,347,676,399,706,399,706,347
7531,3690,4,0,784,724,322,16,49,724,322,724,371,740,371,740,322
7532,3690,4,0,2664,625,314,36,74,625,314,625,388,661,388,661,314
7533,3690,4,0,2555,595,320,35,73,595,320,595,393,630,393,630,320
7534,3690,4,0,10934,525,299,77,142,525,299,525,441,602,441,602,299
7535,3690,2,0,11398,519,371,82,139,519,371,519,510,601,510,601,371
7536,3690,2,0,2808,589,359,39,72,589,359,589,431,628,431,628,359
7537,3690,2,0,2772,621,350,42,66,621,350,621,416,663,416,663,350
7538,3690,1,0,4473,640,319,63,71,640,319,640,390,703,390,703,319
7539,3691,2,0,9709,533,373,73,133,533,373,533,506,606,506,606,373
7540,3691,2,0,2340,600,366,36,65,600,366,600,431,636,431,636,366
7541,3691,2,0,2537,624,352,43,59,624,352,624,411,667,411,667,352
7542,3691,2,0,1980,681,343,36,55,681,343,681,398,717,398,717,343
7543,3691,2,0,1632,802,344,34,48,802,344,802,392,836,392,836,344
7544,3691,4,0,1375,804,319,25,55,804,319,804,374,829,374,829,319
7545,3691,4,0,1122,726,325,22,51,726,325,726,376,748,376,748,325
7546,3691,4,0,1300,685,319,26,50,685,319,685,369,711,369,711,319
7547,3691,4,0,2378,608,310,29,82,608,310,608,392,637,392,637,310
7548,3691,4,0,9849,541,290,67,147,541,290,541,437,608,437,608,290
7549,3691,4,0,1856,630,314,32,58,630,314,630,372,662,372,662,314
7550,3691,1,0,3888,649,316,54,72,649,316,649,388,703,388,703,316
7551,3692,2,0,3128,841,346,46,68,841,346,841,414,887,414,887,346
7552,3692,4,0,1960,847,319,28,70,847,319,847,389,875,389,875,319
7553,3692,4,0,1120,733,322,20,56,733,322,733,378,753,378,753,322
7554,3692,1,0,4440,651,314,60,74,651,314,651,388,711,388,711,314
7555,3692,2,0,2112,685,336,33,64,685,336,685,400,718,400,718,336
7556,3692,4,0,1430,692,316,26,55,692,316,692,371,718,371,718,316
7557,3692,4,0,2520,610,316,35,72,610,316,610,388,645,388,645,316
7558,3692,4,0,9563,542,290,73,131,542,290,542,421,615,421,615,290
7559,3692,2,0,2911,628,346,41,71,628,346,628,417,669,417,669,346
7560,3692,2,0,2700,608,363,36,75,608,363,608,438,644,438,644,363
7561,3692,2,0,12075,540,349,75,161,540,349,540,510,615,510,615,349
7562,3693,2,0,6534,901,344,66,99,901,344,901,443,967,443,967,344
7563,3693,4,0,4429,905,313,43,103,905,313,905,416,948,416,948,313
7564,3693,4,0,1235,734,318,19,65,734,318,734,383,753,383,753,318
7565,3693,1,0,4332,651,311,57,76,651,311,651,387,708,387,708,311
7566,3693,4,0,2652,632,307,34,78,632,307,632,385,666,385,666,307
7567,3693,4,0,2415,613,317,35,69,613,317,613,386,648,386,648,317
7568,3693,2,0,2553,632,350,37,69,632,350,632,419,669,419,669,350
7569,3693,2,0,3150,605,366,42,75,605,366,605,441,647,441,647,366
7570,3693,2,0,11005,545,354,71,155,545,354,545,509,616,509,616,354
7571,3693,4,0,9114,552,283,62,147,552,283,552,430,614,430,614,283
7572,3693,2,0,2304,685,341,36,64,685,341,685,405,721,405,721,341
7573,3693,4,0,2001,692,310,29,69,692,310,692,379,721,379,721,310
7574,3694,2,0,17017,1028,354,119,143,1028,354,1028,497,1147,497,1147,354
7575,3694,4,0,10248,1045,302,61,168,1045,302,1045,470,1106,470,1106,302
7576,3694,4,0,1292,734,319,19,68,734,319,734,387,753,387,753,319
7577,3694,4,0,2079,685,314,33,63,685,314,685,377,718,377,718,314
7578,3694,1,0,5658,641,311,69,82,641,311,641,393,710,393,710,311
7579,3694,2,0,2278,684,343,34,67,684,343,684,410,718,410,718,343
7580,3694,2,0,2680,627,350,40,67,627,350,627,417,667,417,667,350
7581,3694,2,0,13760,540,349,86,160,540,349,540,509,626,509,626,349
7582,3694,2,0,3486,605,357,42,83,605,357,605,440,647,440,647,357
7583,3694,4,0,11025,544,293,75,147,544,293,544,440,619,440,619,293
7584,3694,4,0,2886,611,313,37,78,611,313,611,391,648,391,648,313
7585,3695,2,0,10750,543,386,86,125,543,386,543,511,629,511,629,386
7586,3695,2,0,1736,686,337,31,56,686,337,686,393,717,393,717,337
7587,3695,1,0,1258,867,324,34,37,867,324,867,361,901,361,901,324
7588,3695,4,0,1387,735,320,19,73,735,320,735,393,754,393,754,320
7589,3695,4,0,13795,544,290,89,155,544,290,544,445,633,445,633,290
7590,3696,1,0,1406,857,326,38,37,857,326,857,363,895,363,895,326
7591,3696,4,0,1725,736,318,23,75,736,318,736,393,759,393,759,318
7592,3696,4,0,2240,680,312,35,64,680,312,680,376,715,376,715,312
7593,3696,2,0,1782,682,357,33,54,682,357,682,411,715,411,715,357
7594,3696,4,0,11248,561,288,74,152,561,288,561,440,635,440,635,288
7595,3696,2,0,12104,551,378,89,136,551,378,551,514,640,514,640,378
7596,3697,1,0,1892,847,321,43,44,847,321,847,365,890,365,890,321
7597,3697,4,0,2349,737,316,27,87,737,316,737,403,764,403,764,316
7598,3697,4,0,2028,516,330,26,78,516,330,516,408,542,408,542,330
7599,3697,2,0,3362,676,330,41,82,676,330,676,412,717,412,717,330
7600,3697,2,0,12814,561,359,86,149,561,359,561,508,647,508,647,359
7601,3698,4,0,55375,1014,235,125,443,1014,235,1014,678,1139,678,1139,235
7602,3698,4,0,15159,223,328,93,163,223,328,223,491,316,491,316,328
7603,3698,4,0,8509,300,313,67,127,300,313,300,440,367,440,367,313
7604,3698,4,0,4346,486,346,53,82,486,346,486,428,539,428,539,346
7605,3698,4,0,2695,490,314,35,77,490,314,490,391,525,391,525,314
7606,3698,4,0,2886,440,301,39,74,440,301,440,375,479,375,479,301
7607,3698,4,0,8763,682,293,69,127,682,293,682,420,751,420,751,293
7608,3698,4,0,3564,742,304,44,81,742,304,742,385,786,385,786,304
7609,3698,4,0,3105,640,313,45,69,640,313,640,382,685,382,685,313
7610,3698,4,0,816,918,316,24,34,918,316,918,350,942,350,942,316
7611,3698,2,0,23058,206,369,126,183,206,369,206,552,332,552,332,369
7612,3698,2,0,12740,297,358,98,130,297,358,297,488,395,488,395,358
7613,3698,2,0,5088,465,346,96,53,465,346,465,399,561,399,561,346
7614,3698,2,0,11169,683,351,73,153,683,351,683,504,756,504,756,351
7615,3698,2,0,3240,643,352,45,72,643,352,643,424,688,424,688,352
7616,3698,2,0,3818,738,336,46,83,738,336,738,419,784,419,784,336
7617,3698,2,0,1890,912,332,35,54,912,332,912,386,947,386,947,332
7618,3698,1,0,2419,986,309,59,41,986,309,986,350,1045,350,1045,309
7619,3699,2,0,4848,785,328,48,101,785,328,785,429,833,429,833,328
7620,3699,2,0,2340,882,322,39,60,882,322,882,382,921,382,921,322
7621,3699,4,0,4550,786,299,50,91,786,299,786,390,836,390,836,299
7622,3699,1,0,5429,875,303,89,61,875,303,875,364,964,364,964,303
7623,3699,1,0,1520,1191,295,38,40,1191,295,1191,335,1229,335,1229,295
7624,3699,4,0,2100,884,300,35,60,884,300,884,360,919,360,919,300
7625,3700,1,0,1353,542,316,41,33,542,316,542,349,583,349,583,316
7626,3700,4,0,10168,450,286,62,164,450,286,450,450,512,450,512,286
7627,3701,1,0,3843,574,307,63,61,574,307,574,368,637,368,637,307
7628,3701,4,0,14630,408,296,95,154,408,296,408,450,503,450,503,296
7629,3701,2,0,19019,411,344,91,209,411,344,411,553,502,553,502,344
7630,3701,2,0,1161,508,331,27,43,508,331,508,374,535,374,535,331
7631,3702,1,0,166530,825,181,455,366,825,181,825,547,1280,547,1280,181
7632,3702,2,0,23504,374,336,113,208,374,336,374,544,487,544,487,336
7633,3702,2,0,1275,493,334,25,51,493,334,493,385,518,385,518,334
7634,3702,2,0,980,591,326,28,35,591,326,591,361,619,361,619,326
7635,3702,1,0,1326,502,322,39,34,502,322,502,356,541,356,541,322
7636,3703,2,0,36179,276,350,143,253,276,350,276,603,419,603,419,350
7637,3703,2,0,1760,503,337,32,55,503,337,503,392,535,392,535,337
7638,3703,2,0,2475,649,345,45,55,649,345,649,400,694,400,694,345
7639,3703,2,0,3100,768,357,50,62,768,357,768,419,818,419,818,357
7640,3703,4,0,24128,297,278,104,232,297,278,297,510,401,510,401,278
7641,3703,4,0,2622,770,321,38,69,770,321,770,390,808,390,808,321
7642,3703,4,0,1820,657,318,28,65,657,318,657,383,685,383,685,318
7643,3703,2,0,960,612,338,24,40,612,338,612,378,636,378,636,338
7644,3703,2,0,1645,725,337,35,47,725,337,725,384,760,384,760,337
7645,3704,2,0,37752,275,345,143,264,275,345,275,609,418,609,418,345
7646,3704,2,0,1440,509,341,30,48,509,341,509,389,539,389,539,341
7647,3704,2,0,3774,702,350,51,74,702,350,702,424,753,424,753,350
7648,3704,2,0,7592,859,353,73,104,859,353,859,457,932,457,932,353
7649,3704,4,0,4080,873,305,34,120,873,305,873,425,907,425,907,305
7650,3704,2,0,1664,676,343,32,52,676,343,676,395,708,395,708,343
7651,3704,4,0,3465,703,314,45,77,703,314,703,391,748,391,748,314
7652,3704,2,0,2107,750,339,43,49,750,339,750,388,793,388,793,339
7653,3704,2,0,1218,630,336,29,42,630,336,630,378,659,378,659,336
7654,3704,1,0,1036,540,331,37,28,540,331,540,359,577,359,577,331
7655,3704,4,0,27480,284,281,120,229,284,281,284,510,404,510,404,281
7656,3705,1,0,930,581,335,31,30,581,335,581,365,612,365,612,335
7657,3705,4,0,19136,309,272,92,208,309,272,309,480,401,480,401,272
7658,3705,4,0,4224,842,316,48,88,842,316,842,404,890,404,890,316
7659,3706,1,0,1800,488,337,45,40,488,337,488,377,533,377,533,337
7660,3707,2,0,26445,995,311,129,205,995,311,995,516,1124,516,1124,311
7661,3707,2,0,1377,565,350,27,51,565,350,565,401,592,401,592,350
7662,3707,2,0,3807,724,345,47,81,724,345,724,426,771,426,771,345
7663,3707,2,0,2788,521,350,41,68,521,350,521,418,562,418,562,350
7664,3708,2,0,5040,848,346,80,63,848,346,848,409,928,409,928,346
7665,3708,2,0,3900,515,373,50,78,515,373,515,451,565,451,565,373
7666,3708,2,0,1998,555,360,37,54,555,360,555,414,592,414,592,360
7667,3708,4,0,3915,516,322,45,87,516,322,516,409,561,409,561,322
7668,3708,2,0,432,597,342,16,27,597,342,597,369,613,369,613,342
7669,3708,1,0,3904,536,329,64,61,536,329,536,390,600,390,600,329
7670,3709,1,0,38608,0,301,152,254,0,301,0,555,152,555,152,301
7671,3709,1,0,53192,72,292,244,218,72,292,72,510,316,510,316,292
7672,3709,1,0,10584,620,304,98,108,620,304,620,412,718,412,718,304
7673,3709,1,0,2520,590,327,45,56,590,327,590,383,635,383,635,327
7674,3709,1,0,4480,503,326,70,64,503,326,503,390,573,390,573,326
7675,3709,2,0,1316,710,336,28,47,710,336,710,383,738,383,738,336
7676,3709,2,0,3740,475,352,44,85,475,352,475,437,519,437,519,352
7677,3709,2,0,16128,385,357,96,168,385,357,385,525,481,525,481,357
7678,3709,4,0,12844,394,293,76,169,394,293,394,462,470,462,470,293
7679,3709,4,0,3680,478,326,46,80,478,326,478,406,524,406,524,326
7680,3709,4,0,10710,1154,318,63,170,1154,318,1154,488,1217,488,1217,318
7681,3710,1,0,5810,621,326,83,70,621,326,621,396,704,396,704,326
7682,3710,1,0,3906,525,326,63,62,525,326,525,388,588,388,588,326
7683,3710,1,0,55144,713,270,244,226,713,270,713,496,957,496,957,270
7684,3710,1,0,60040,0,262,190,316,0,262,0,578,190,578,190,262
7685,3710,2,0,12580,408,358,85,148,408,358,408,506,493,506,493,358
7686,3710,4,0,10362,421,299,66,157,421,299,421,456,487,456,487,299
7687,3710,2,0,3321,483,349,41,81,483,349,483,430,524,430,524,349
7688,3710,4,0,1775,492,328,25,71,492,328,492,399,517,399,517,328
7689,3711,1,0,3712,533,327,64,58,533,327,533,385,597,385,597,327
7690,3711,1,0,190350,875,189,405,470,875,189,875,659,1280,659,1280,189
7691,3711,2,0,7659,439,383,69,111,439,383,439,494,508,494,508,383
7692,3711,2,0,4389,803,348,77,57,803,348,803,405,880,405,880,348
7693,3711,4,0,2916,829,321,36,81,829,321,829,402,865,402,865,321
7694,3711,1,0,9492,639,322,113,84,639,322,639,406,752,406,752,322
7695,3711,4,0,10220,439,296,73,140,439,296,439,436,512,436,512,296
7696,3711,2,0,2220,494,365,37,60,494,365,494,425,531,425,531,365
7697,3711,4,0,1900,502,321,25,76,502,321,502,397,527,397,527,321
7698,3712,1,0,18997,672,312,157,121,672,312,672,433,829,433,829,312
7699,3712,2,0,5917,859,352,97,61,859,352,859,413,956,413,956,352
7700,3712,4,0,2880,889,325,36,80,889,325,889,405,925,405,925,325
7701,3712,1,0,3654,543,325,63,58,543,325,543,383,606,383,606,325
7702,3712,2,0,10164,455,363,77,132,455,363,455,495,532,495,532,363
7703,3712,4,0,8784,467,301,61,144,467,301,467,445,528,445,528,301
7704,3712,2,0,2320,512,362,40,58,512,362,512,420,552,420,552,362
7705,3712,4,0,1386,524,326,22,63,524,326,524,389,546,389,546,326
7706,3712,1,0,4851,423,321,63,77,423,321,423,398,486,398,486,321
7707,3713,1,0,51023,732,297,259,197,732,297,732,494,991,494,991,297
7708,3713,1,0,3348,559,324,54,62,559,324,559,386,613,386,613,324
7709,3713,2,0,6319,486,391,71,89,486,391,486,480,557,480,557,391
7710,3713,2,0,7004,946,356,103,68,946,356,946,424,1049,424,1049,356
7711,3713,4,0,4059,969,321,41,99,969,321,969,420,1010,420,1010,321
7712,3713,4,0,8442,486,299,67,126,486,299,486,425,553,425,553,299
7713,3713,1,0,6399,410,322,81,79,410,322,410,401,491,401,491,322
7714,3714,1,0,166872,872,270,408,409,872,270,872,679,1280,679,1280,270
7715,3714,1,0,7744,398,319,88,88,398,319,398,407,486,407,486,319
7716,3714,2,0,8514,498,347,66,129,498,347,498,476,564,476,564,347
7717,3714,4,0,8432,500,299,62,136,500,299,500,435,562,435,562,299
7718,3714,1,0,3348,556,327,62,54,556,327,556,381,618,381,618,327
7719,3714,2,0,2613,544,345,39,67,544,345,544,412,583,412,583,345
7720,3715,1,0,2209,541,327,47,47,541,327,541,374,588,374,588,327
7721,3715,1,0,27540,730,288,180,153,730,288,730,441,910,441,910,288
7722,3715,2,0,1560,495,354,30,52,495,354,495,406,525,406,525,354
7723,3715,2,0,5856,412,392,61,96,412,392,412,488,473,488,473,392
7724,3715,4,0,7920,406,305,72,110,406,305,406,415,478,415,478,305
7725,3716,1,0,12901,725,323,133,97,725,323,725,420,858,420,858,323
7726,3716,2,0,5760,487,371,60,96,487,371,487,467,547,467,547,371
7727,3716,2,0,988,564,344,26,38,564,344,564,382,590,382,590,344
7728,3716,2,0,840,681,329,21,40,681,329,681,369,702,369,702,329
7729,3716,2,0,6083,936,338,79,77,936,338,936,415,1015,415,1015,338
7730,3716,1,0,1845,595,323,45,41,595,323,595,364,640,364,640,323
7731,3717,1,0,95677,862,303,397,241,862,303,862,544,1259,544,1259,303
7732,3717,4,0,6545,510,305,55,119,510,305,510,424,565,424,565,305
7733,3717,2,0,8432,504,342,68,124,504,342,504,466,572,466,572,342
7734,3717,2,0,3905,784,342,55,71,784,342,784,413,839,413,839,342
7735,3717,2,0,1400,710,342,28,50,710,342,710,392,738,392,738,342
7736,3717,1,0,1804,606,326,44,41,606,326,606,367,650,367,650,326
7737,3717,2,0,1508,582,329,26,58,582,329,582,387,608,387,608,329
7738,3718,2,0,5124,848,351,61,84,848,351,848,435,909,435,909,351
7739,3718,4,0,4320,854,318,48,90,854,318,854,408,902,408,902,318
7740,3718,4,0,1683,734,318,33,51,734,318,734,369,767,369,767,318
7741,3718,2,0,2400,733,339,40,60,733,339,733,399,773,399,773,339
7742,3718,1,0,1672,617,329,44,38,617,329,617,367,661,367,661,329
7743,3718,2,0,1260,588,343,28,45,588,343,588,388,616,388,616,343
7744,3718,2,0,7040,512,354,64,110,512,354,512,464,576,464,576,354
7745,3718,4,0,6612,516,304,57,116,516,304,516,420,573,420,573,304
7746,3719,1,0,1480,674,340,37,40,674,340,674,380,711,380,711,340
7747,3719,2,0,2666,987,375,43,62,987,375,987,437,1030,437,1030,375
7748,3719,4,0,4324,981,331,46,94,981,331,981,425,1027,425,1027,331
7749,3719,1,0,812,629,341,29,28,629,341,629,369,658,369,658,341
7750,3719,2,0,748,612,364,22,34,612,364,612,398,634,398,634,364
7751,3719,2,0,3528,554,373,49,72,554,373,554,445,603,445,603,373
7752,3719,4,0,4277,560,317,47,91,560,317,560,408,607,408,607,317
7753,3719,4,0,820,612,341,20,41,612,341,612,382,632,382,632,341
7754,3720,1,0,40290,777,308,237,170,777,308,777,478,1014,478,1014,308
7755,3720,1,0,1056,602,334,32,33,602,334,602,367,634,367,634,334
7756,3720,2,0,4895,509,361,55,89,509,361,509,450,564,450,564,361
7757,3720,4,0,4704,513,329,48,98,513,329,513,427,561,427,561,329
7758,3721,1,0,132112,912,274,368,359,912,274,912,633,1280,633,1280,274
7759,3721,2,0,4450,516,361,50,89,516,361,516,450,566,450,566,361
7760,3721,4,0,3520,522,332,44,80,522,332,522,412,566,412,566,332
7761,3721,1,0,990,600,337,33,30,600,337,600,367,633,367,633,337
7762,3722,1,0,330,620,343,22,15,620,343,620,358,642,358,642,343
7763,3722,1,0,1015,589,344,35,29,589,344,589,373,624,373,624,344
7764,3722,2,0,7749,531,355,63,123,531,355,531,478,594,478,594,355
7765,3722,4,0,5355,538,329,51,105,538,329,538,434,589,434,589,329
7766,3723,1,0,3136,530,328,56,56,530,328,530,384,586,384,586,328
7767,3723,1,0,3519,431,333,69,51,431,333,431,384,500,384,500,333
7768,3723,2,0,2166,668,342,38,57,668,342,668,399,706,399,706,342
7769,3723,1,0,2856,679,327,56,51,679,327,679,378,735,378,735,327
7770,3724,1,0,16512,525,308,128,129,525,308,525,437,653,437,653,308
7771,3724,1,0,11554,711,305,109,106,711,305,711,411,820,411,820,305
7772,3724,1,0,29988,1004,332,238,126,1004,332,1004,458,1242,458,1242,332
7773,3725,1,0,20808,744,292,153,136,744,292,744,428,897,428,897,292
7774,3725,1,0,31758,1079,324,201,158,1079,324,1079,482,1280,482,1280,324
7775,3725,1,0,17290,524,308,130,133,524,308,524,441,654,441,654,308
7776,3726,1,0,48636,795,278,252,193,795,278,795,471,1047,471,1047,278
7777,3726,1,0,17952,524,306,132,136,524,306,524,442,656,442,656,306
7778,3727,1,0,121095,935,227,345,351,935,227,935,578,1280,578,1280,227
7779,3727,1,0,20868,517,301,141,148,517,301,517,449,658,449,658,301
7780,3727,1,0,1292,641,320,38,34,641,320,641,354,679,354,679,320
7781,3728,1,0,20868,518,303,141,148,518,303,518,451,659,451,659,303
7782,3728,3,0,7008,829,332,96,73,829,332,829,405,925,405,925,332
7783,3728,1,0,2058,644,314,42,49,644,314,644,363,686,363,686,314
7784,3729,4,0,3276,922,344,39,84,922,344,922,428,961,428,961,344
7785,3730,4,0,8142,993,345,69,118,993,345,993,463,1062,463,1062,345
7786,3731,4,0,8844,1048,350,66,134,1048,350,1048,484,1114,484,1114,350
7787,3731,4,0,5762,1007,364,43,134,1007,364,1007,498,1050,498,1050,364
7788,3732,4,0,13528,1108,340,76,178,1108,340,1108,518,1184,518,1184,340
7789,3732,4,0,8208,1059,369,57,144,1059,369,1059,513,1116,513,1116,369
7790,3733,4,0,11210,1159,366,59,190,1159,366,1159,556,1218,556,1218,366
7791,3733,4,0,11685,1223,342,57,205,1223,342,1223,547,1280,547,1280,342
7792,3734,4,0,5612,809,368,61,92,809,368,809,460,870,460,870,368
7793,3735,4,0,33028,802,214,92,359,802,214,802,573,894,573,894,214
7794,3736,4,0,5856,858,360,48,122,858,360,858,482,906,482,906,360
7795,3737,4,0,15960,931,365,95,168,931,365,931,533,1026,533,1026,365
7796,3738,4,0,31270,1128,362,118,265,1128,362,1128,627,1246,627,1246,362
7797,3739,2,0,1352,593,345,26,52,593,345,593,397,619,397,619,345
7798,3740,2,0,1404,586,344,27,52,586,344,586,396,613,396,613,344
7799,3741,2,0,2052,570,350,36,57,570,350,570,407,606,407,606,350
7800,3742,2,0,1952,555,350,32,61,555,350,555,411,587,411,587,350
7801,3743,2,0,2800,523,342,35,80,523,342,523,422,558,422,558,342
7802,3744,2,0,4277,469,353,47,91,469,353,469,444,516,444,516,353
7803,3745,2,0,9040,388,361,80,113,388,361,388,474,468,474,468,361
7804,3745,4,0,7874,399,331,62,127,399,331,399,458,461,458,461,331
7805,3746,4,0,13725,289,328,75,183,289,328,289,511,364,511,364,328
7806,3746,2,0,18602,252,373,131,142,252,373,252,515,383,515,383,373
7807,3747,4,0,46084,22,321,164,281,22,321,22,602,186,602,186,321
7808,3747,2,0,49504,0,411,221,224,0,411,0,635,221,635,221,411
7809,3748,2,0,1240,599,363,31,40,599,363,599,403,630,403,630,363
7810,3749,2,0,1558,617,363,38,41,617,363,617,404,655,404,655,363
7811,3750,2,0,2106,644,361,39,54,644,361,644,415,683,415,683,361
7812,3751,2,0,2640,684,360,40,66,684,360,684,426,724,426,724,360
7813,3752,2,0,2788,722,354,34,82,722,354,722,436,756,436,756,354
7814,3753,2,0,7070,765,372,70,101,765,372,765,473,835,473,835,372
7815,3753,4,0,6120,763,332,51,120,763,332,763,452,814,452,814,332
7816,3754,2,0,14592,865,380,96,152,865,380,865,532,961,532,961,380
7817,3754,4,0,10064,865,332,68,148,865,332,865,480,933,480,933,332
7818,3755,4,0,45758,1143,309,137,334,1143,309,1143,643,1280,643,1280,309
7819,3756,4,0,4290,20,295,39,110,20,295,20,405,59,405,59,295
7820,3756,1,0,14352,145,292,156,92,145,292,145,384,301,384,301,292
7821,3756,4,0,3492,321,292,36,97,321,292,321,389,357,389,357,292
7822,3756,2,0,7452,432,342,69,108,432,342,432,450,501,450,501,342
7823,3756,1,0,3445,405,296,53,65,405,296,405,361,458,361,458,296
7824,3756,1,0,2352,362,301,49,48,362,301,362,349,411,349,411,301
7825,3756,1,0,21600,897,270,160,135,897,270,897,405,1057,405,1057,270
7826,3756,1,0,9676,752,289,118,82,752,289,752,371,870,371,870,289
7827,3756,2,0,7917,1131,317,91,87,1131,317,1131,404,1222,404,1222,317
7828,3756,4,0,6344,441,292,52,122,441,292,441,414,493,414,493,292
7829,3757,1,0,4130,590,291,70,59,590,291,590,350,660,350,660,291
7830,3757,4,0,4050,322,310,45,90,322,310,322,400,367,400,367,310
7831,3758,1,0,6045,557,289,93,65,557,289,557,354,650,354,650,289
7832,3758,4,0,4356,297,306,44,99,297,306,297,405,341,405,341,306
7833,3759,3,0,5040,331,316,84,60,331,316,331,376,415,376,415,316
7834,3759,2,0,6622,165,325,77,86,165,325,165,411,242,411,242,325
7835,3760,1,0,25536,816,280,192,133,816,280,816,413,1008,413,1008,280
7836,3760,2,0,12875,72,348,103,125,72,348,72,473,175,473,175,348
7837,3760,4,0,8896,106,287,64,139,106,287,106,426,170,426,170,287
7838,3761,1,0,34692,863,275,236,147,863,275,863,422,1099,422,1099,275
7839,3762,1,0,57246,905,271,329,174,905,271,905,445,1234,445,1234,271
7840,3763,1,0,67280,996,252,290,232,996,252,996,484,1286,484,1286,252
7841,3764,1,0,4899,435,280,69,71,435,280,435,351,504,351,504,280
7842,3765,1,0,5760,422,280,80,72,422,280,422,352,502,352,502,280
7843,3765,1,0,1800,484,295,40,45,484,295,484,340,524,340,524,295
7844,3766,1,0,142333,963,119,317,449,963,119,963,568,1280,568,1280,119
7845,3766,1,0,6478,416,278,82,79,416,278,416,357,498,357,498,278
7846,3766,1,0,2021,482,294,43,47,482,294,482,341,525,341,525,294
7847,3767,1,0,3072,422,330,64,48,422,330,422,378,486,378,486,330
7848,3768,1,0,183820,825,146,455,404,825,146,825,550,1280,550,1280,146
7849,3768,1,0,6723,403,278,81,83,403,278,403,361,484,361,484,278
7850,3768,1,0,2064,474,294,48,43,474,294,474,337,522,337,522,294
7851,3769,1,0,108672,746,195,384,283,746,195,746,478,1130,478,1130,195
7852,3769,1,0,8245,387,281,97,85,387,281,387,366,484,366,484,281
7853,3769,1,0,1978,469,298,46,43,469,298,469,341,515,341,515,298
7854,3770,1,0,58608,700,217,264,222,700,217,700,439,964,439,964,217
7855,3770,1,0,11556,370,269,107,108,370,269,370,377,477,377,477,269
7856,3770,1,0,2350,463,296,50,47,463,296,463,343,513,343,513,296
7857,3771,1,0,37128,659,235,204,182,659,235,659,417,863,417,863,235
7858,3771,1,0,11752,351,274,113,104,351,274,351,378,464,378,464,274
7859,3771,1,0,2750,455,295,55,50,455,295,455,345,510,345,510,295
7860,3772,1,0,22880,638,254,160,143,638,254,638,397,798,397,798,254
7861,3772,2,0,5580,853,298,60,93,853,298,853,391,913,391,913,298
7862,3772,1,0,3300,448,293,60,55,448,293,448,348,508,348,508,293
7863,3772,1,0,14632,329,272,124,118,329,272,329,390,453,390,453,272
7864,3773,1,0,18460,298,267,142,130,298,267,298,397,440,397,440,267
7865,3773,1,0,4087,436,289,67,61,436,289,436,350,503,350,503,289
7866,3773,1,0,17875,615,259,143,125,615,259,615,384,758,384,758,259
7867,3773,2,0,12090,958,297,93,130,958,297,958,427,1051,427,1051,297
7868,3774,1,0,13090,590,273,119,110,590,273,590,383,709,383,709,273
7869,3774,1,0,4278,421,289,69,62,421,289,421,351,490,351,490,289
7870,3774,1,0,23309,255,267,163,143,255,267,255,410,418,410,418,267
7871,3775,1,0,4745,404,291,73,65,404,291,404,356,477,356,477,291
7872,3775,1,0,34371,179,258,201,171,179,258,179,429,380,429,380,258
7873,3775,1,0,10176,580,270,96,106,580,270,580,376,676,376,676,270
7874,3776,1,0,4526,385,294,73,62,385,294,385,356,458,356,458,294
7875,3776,1,0,52685,98,246,257,205,98,246,98,451,355,451,355,246
7876,3776,1,0,9024,558,272,96,94,558,272,558,366,654,366,654,272
7877,3777,1,0,5644,370,296,83,68,370,296,370,364,453,364,453,296
7878,3777,1,0,79380,0,244,315,252,0,244,0,496,315,496,315,244
7879,3777,1,0,8360,547,275,88,95,547,275,547,370,635,370,635,275
7880,3778,1,0,3120,414,330,65,48,414,330,414,378,479,378,479,330
7881,3779,1,0,7708,354,287,94,82,354,287,354,369,448,369,448,287
7882,3779,1,0,6873,539,282,87,79,539,282,539,361,626,361,626,282
7883,3779,1,0,81693,0,216,261,313,0,216,0,529,261,529,261,216
7884,3780,1,0,8670,336,289,102,85,336,289,336,374,438,374,438,289
7885,3780,1,0,4968,535,287,72,69,535,287,535,356,607,356,607,287
7886,3780,1,0,69540,0,209,183,380,0,209,0,589,183,589,183,209
7887,3781,1,0,5175,524,283,75,69,524,283,524,352,599,352,599,283
7888,3781,1,0,11484,307,290,116,99,307,290,307,389,423,389,423,290
7889,3782,1,0,3720,520,284,62,60,520,284,520,344,582,344,582,284
7890,3782,1,0,13125,289,285,125,105,289,285,289,390,414,390,414,285
7891,3783,1,0,3717,519,282,59,63,519,282,519,345,578,345,578,282
7892,3783,1,0,14933,261,286,137,109,261,286,261,395,398,395,398,286
7893,3784,2,0,3844,516,282,62,62,516,282,516,344,578,344,578,282
7894,3784,2,0,2952,723,311,41,72,723,311,723,383,764,383,764,311
7895,3784,1,0,19539,221,282,167,117,221,282,221,399,388,399,388,282
7896,3785,1,0,3480,514,284,60,58,514,284,514,342,574,342,574,284
7897,3785,1,0,24480,191,282,180,136,191,282,191,418,371,418,371,282
7898,3785,2,0,5916,787,310,58,102,787,310,787,412,845,412,845,310
7899,3786,1,0,30368,151,280,208,146,151,280,151,426,359,426,359,280
7900,3786,2,0,17856,927,272,93,192,927,272,927,464,1020,464,1020,272
7901,3787,1,0,39324,112,275,226,174,112,275,112,449,338,449,338,275
7902,3788,1,0,49329,61,273,261,189,61,273,61,462,322,462,322,273
7903,3789,1,0,3190,415,328,58,55,415,328,415,383,473,383,473,328
7904,3789,4,0,1340,443,321,20,67,443,321,443,388,463,388,463,321
7905,3790,1,0,65417,2,269,313,209,2,269,2,478,315,478,315,269
7906,3790,1,0,2021,526,285,43,47,526,285,526,332,569,332,569,285
7907,3791,1,0,1936,530,289,44,44,530,289,530,333,574,333,574,289
7908,3791,1,0,66788,2,264,283,236,2,264,2,500,285,500,285,264
7909,3792,1,0,1716,528,290,44,39,528,290,528,329,572,329,572,290
7910,3792,1,0,69120,2,262,270,256,2,262,2,518,272,518,272,262
7911,3793,2,0,2960,714,308,40,74,714,308,714,382,754,382,754,308
7912,3793,1,0,2132,525,291,52,41,525,291,525,332,577,332,577,291
7913,3793,1,0,68944,0,261,248,278,0,261,0,539,248,539,248,261
7914,3794,1,0,62913,0,240,201,313,0,240,0,553,201,553,201,240
7915,3794,2,0,2911,742,317,41,71,742,317,742,388,783,388,783,317
7916,3795,2,0,5487,766,308,59,93,766,308,766,401,825,401,825,308
7917,3795,1,0,52850,0,263,175,302,0,263,0,565,175,565,175,263
7918,3796,2,0,7458,817,317,66,113,817,317,817,430,883,430,883,317
7919,3797,2,0,15300,851,319,100,153,851,319,851,472,951,472,951,319
7920,3797,4,0,9625,862,262,55,175,862,262,862,437,917,437,917,262
7921,3798,2,0,33210,913,323,162,205,913,323,913,528,1075,528,1075,323
7922,3798,4,0,15000,952,234,60,250,952,234,952,484,1012,484,1012,234
7923,3799,4,0,48980,1120,214,155,316,1120,214,1120,530,1275,530,1275,214
7924,3799,2,0,51816,1076,351,204,254,1076,351,1076,605,1280,605,1280,351
7925,3800,1,0,3248,416,328,58,56,416,328,416,384,474,384,474,328
7926,3801,1,0,4030,412,323,65,62,412,323,412,385,477,385,477,323
7927,3802,2,0,4662,411,321,63,74,411,321,411,395,474,395,474,321
7928,3802,4,0,2759,448,316,31,89,448,316,448,405,479,405,479,316
7929,3803,1,0,5256,405,321,73,72,405,321,405,393,478,393,478,321
7930,3803,4,0,3060,446,317,34,90,446,317,446,407,480,407,480,317
7931,3804,1,0,6075,397,318,81,75,397,318,397,393,478,393,478,318
7932,3804,4,0,3168,441,318,36,88,441,318,441,406,477,406,477,318
7933,3805,1,0,7308,389,317,84,87,389,317,389,404,473,404,473,317
7934,3805,4,0,3626,442,318,37,98,442,318,442,416,479,416,479,318
7935,3806,1,0,7644,387,319,84,91,387,319,387,410,471,410,471,319
7936,3806,4,0,3531,440,314,33,107,440,314,440,421,473,421,473,314
7937,3807,1,0,7917,382,316,87,91,382,316,382,407,469,407,469,316
7938,3807,4,0,3600,435,316,36,100,435,316,435,416,471,416,471,316
7939,3808,1,0,10400,365,314,104,100,365,314,365,414,469,414,469,314
7940,3808,4,0,4366,430,311,37,118,430,311,430,429,467,429,467,311
7941,3809,1,0,11730,356,314,115,102,356,314,356,416,471,416,471,314
7942,3809,4,0,5382,424,313,46,117,424,313,424,430,470,430,470,313
7943,3810,4,0,6678,415,313,53,126,415,313,415,439,468,439,468,313
7944,3810,1,0,12600,342,317,120,105,342,317,342,422,462,422,462,317
7945,3811,1,0,12771,326,324,129,99,326,324,326,423,455,423,455,324
7946,3811,4,0,6783,402,311,57,119,402,311,402,430,459,430,459,311
7947,3812,4,0,6576,397,314,48,137,397,314,397,451,445,451,445,314
7948,3812,1,0,16380,299,324,140,117,299,324,299,441,439,441,439,324
7949,3813,1,0,28880,232,320,190,152,232,320,232,472,422,472,422,320
7950,3813,4,0,8476,368,304,52,163,368,304,368,467,420,467,420,304
7951,3814,1,0,38106,181,317,219,174,181,317,181,491,400,491,400,317
7952,3814,4,0,12090,346,304,65,186,346,304,346,490,411,490,411,304
7953,3815,1,0,44352,104,321,231,192,104,321,104,513,335,513,335,321
7954,3815,4,0,16560,318,302,80,207,318,302,318,509,398,509,398,302
7955,3816,4,0,22050,274,304,90,245,274,304,274,549,364,549,364,304
7956,3816,1,0,69540,0,316,285,244,0,316,0,560,285,560,285,316
7957,3817,4,0,38499,182,287,123,313,182,287,182,600,305,600,305,287
7958,3817,1,0,64960,0,308,232,280,0,308,0,588,232,588,232,308
7959,3818,4,0,71910,33,278,170,423,33,278,33,701,203,701,203,278
7960,3819,1,0,1890,544,327,45,42,544,327,544,369,589,369,589,327
7961,3820,2,0,4482,654,335,54,83,654,335,654,418,708,418,708,335
7962,3821,2,0,10948,688,337,92,119,688,337,688,456,780,456,780,337
7963,3822,2,0,3871,627,333,49,79,627,333,627,412,676,412,676,333
7964,3822,2,0,18128,783,338,103,176,783,338,783,514,886,514,886,338
7965,3823,1,0,2451,633,329,57,43,633,329,633,372,690,372,690,329
7966,3823,2,0,87680,1006,349,274,320,1006,349,1006,669,1280,669,1280,349
7967,3823,2,0,6767,687,337,67,101,687,337,687,438,754,438,754,337
7968,3824,1,0,3224,653,326,62,52,653,326,653,378,715,378,715,326
7969,3824,2,0,21054,790,330,121,174,790,330,790,504,911,504,911,330
7970,3825,1,0,3127,672,328,59,53,672,328,672,381,731,381,731,328
7971,3826,1,0,4884,681,321,74,66,681,321,681,387,755,387,755,321
7972,3827,1,0,3213,698,328,63,51,698,328,698,379,761,379,761,328
7973,3828,1,0,5904,708,321,82,72,708,321,708,393,790,393,790,321
7974,3829,1,0,6264,724,321,87,72,724,321,724,393,811,393,811,321
7975,3829,2,0,8288,878,340,112,74,878,340,878,414,990,414,990,340
7976,3830,4,0,54040,1011,286,193,280,1011,286,1011,566,1204,566,1204,286
7977,3830,2,0,49447,1009,407,197,251,1009,407,1009,658,1206,658,1206,407
7978,3830,1,0,16120,714,349,130,124,714,349,714,473,844,473,844,349
7979,3830,1,0,92989,969,245,311,299,969,245,969,544,1280,544,1280,245
7980,3830,2,0,3520,903,390,44,80,903,390,903,470,947,470,947,390
7981,3831,2,0,30756,892,359,132,233,892,359,892,592,1024,592,1024,359
7982,3831,1,0,11872,701,362,112,106,701,362,701,468,813,468,813,362
7983,3831,1,0,88795,1065,170,215,413,1065,170,1065,583,1280,583,1280,170
7984,3832,2,0,10449,1061,401,81,129,1061,401,1061,530,1142,530,1142,401
7985,3832,2,0,19470,824,362,110,177,824,362,824,539,934,539,934,362
7986,3832,1,0,11155,696,361,115,97,696,361,696,458,811,458,811,361
7987,3833,2,0,13289,784,377,97,137,784,377,784,514,881,514,881,377
7988,3833,1,0,9200,694,361,92,100,694,361,694,461,786,461,786,361
7989,3834,2,0,11970,1019,405,90,133,1019,405,1019,538,1109,538,1109,405
7990,3834,1,0,2666,858,387,62,43,858,387,858,430,920,430,920,387
7991,3834,1,0,2600,692,370,50,52,692,370,692,422,742,422,742,370
7992,3834,1,0,33143,0,323,253,131,0,323,0,454,253,454,253,323
7993,3834,1,0,44992,22,301,304,148,22,301,22,449,326,449,326,301
7994,3835,2,0,1404,860,395,26,54,860,395,860,449,886,449,886,395
7995,3835,1,0,2592,878,385,54,48,878,385,878,433,932,433,932,385
7996,3835,1,0,1760,706,374,40,44,706,374,706,418,746,418,746,374
7997,3835,1,0,31808,0,318,224,142,0,318,0,460,224,460,224,318
7998,3835,1,0,42350,24,297,275,154,24,297,24,451,299,451,299,297
7999,3836,2,0,817,771,381,19,43,771,381,771,424,790,424,790,381
8000,3836,2,0,1800,909,398,30,60,909,398,909,458,939,458,939,398
8001,3836,1,0,46299,0,294,253,183,0,294,0,477,253,477,253,294
8002,3836,1,0,2068,718,372,44,47,718,372,718,419,762,419,762,372
8003,3837,1,0,3286,900,383,62,53,900,383,900,436,962,436,962,383
8004,3837,2,0,2482,968,406,34,73,968,406,968,479,1002,479,1002,406
8005,3837,1,0,23707,0,313,151,157,0,313,0,470,151,470,151,313
8006,3837,1,0,41082,12,283,246,167,12,283,12,450,258,450,258,283
8007,3837,1,0,1936,725,372,44,44,725,372,725,416,769,416,769,372
8008,3838,2,0,10988,1046,394,82,134,1046,394,1046,528,1128,528,1128,394
8009,3838,1,0,4380,904,383,73,60,904,383,904,443,977,443,977,383
8010,3838,1,0,37714,0,295,218,173,0,295,0,468,218,468,218,295
8011,3838,1,0,2652,719,368,52,51,719,368,719,419,771,419,771,368
8012,3839,1,0,34776,0,270,161,216,0,270,0,486,161,486,161,270
8013,3839,1,0,4819,907,384,79,61,907,384,907,445,986,445,986,384
8014,3839,1,0,2193,729,368,43,51,729,368,729,419,772,419,772,368
8015,3840,1,0,4503,919,388,79,57,919,388,919,445,998,445,998,388
8016,3840,1,0,14833,0,320,91,163,0,320,0,483,91,483,91,320
8017,3840,1,0,1848,729,373,42,44,729,373,729,417,771,417,771,373
8018,3841,4,0,29181,819,358,137,213,819,358,819,571,956,571,956,358
8019,3841,2,0,69130,241,429,310,223,241,429,241,652,551,652,551,429
8020,3841,4,0,39215,288,354,155,253,288,354,288,607,443,607,443,354
8021,3841,2,0,64170,749,455,345,186,749,455,749,641,1094,641,1094,455
8022,3841,1,0,7476,1165,379,89,84,1165,379,1165,463,1254,463,1254,379
8023,3841,2,0,8740,582,377,76,115,582,377,582,492,658,492,658,377
8024,3841,2,0,9504,626,383,99,96,626,383,626,479,725,479,725,383
8025,3841,2,0,8239,738,382,77,107,738,382,738,489,815,489,815,382
8026,3842,2,0,101920,459,447,392,260,459,447,459,707,851,707,851,447
8027,3842,4,0,47084,564,340,158,298,564,340,564,638,722,638,722,340
8028,3842,2,0,42594,1035,485,229,186,1035,485,1035,671,1264,671,1264,485
8029,3842,4,0,36850,1127,349,134,275,1127,349,1127,624,1261,624,1261,349
8030,3842,2,0,8928,957,375,62,144,957,375,957,519,1019,519,1019,375
8031,3842,2,0,6350,908,376,50,127,908,376,908,503,958,503,958,376
8032,3842,2,0,8778,842,367,66,133,842,367,842,500,908,500,908,367
8033,3843,4,0,80256,954,203,228,352,954,203,954,555,1182,555,1182,203
8034,3843,2,0,69740,977,288,220,317,977,288,977,605,1197,605,1197,288
8035,3843,1,0,2805,774,269,55,51,774,269,774,320,829,320,829,269
8036,3843,2,0,3388,423,308,44,77,423,308,423,385,467,385,467,308
8037,3843,1,0,17822,610,254,133,134,610,254,610,388,743,388,743,254
8038,3844,2,0,37352,880,320,161,232,880,320,880,552,1041,552,1041,320
8039,3844,1,0,3933,778,266,69,57,778,266,778,323,847,323,847,266
8040,3844,4,0,44240,866,213,158,280,866,213,866,493,1024,493,1024,213
8041,3844,1,0,17424,603,254,132,132,603,254,603,386,735,386,735,254
8042,3844,2,0,4576,371,311,52,88,371,311,371,399,423,399,423,311
8043,3845,2,0,35624,795,274,146,244,795,274,795,518,941,518,941,274
8044,3845,1,0,17685,594,252,135,131,594,252,594,383,729,383,729,252
8045,3845,1,0,8325,286,319,75,111,286,319,286,430,361,430,361,319
8046,3845,4,0,27328,806,224,122,224,806,224,806,448,928,448,928,224
8047,3846,4,0,2652,559,285,34,78,559,285,559,363,593,363,593,285
8048,3846,4,0,646,652,303,17,38,652,303,652,341,669,341,669,303
8049,3847,4,0,3813,546,279,41,93,546,279,546,372,587,372,587,279
8050,3847,4,0,760,649,300,19,40,649,300,649,340,668,340,668,300
8051,3848,4,0,945,651,301,21,45,651,301,651,346,672,346,672,301
8052,3848,4,0,4998,529,279,49,102,529,279,529,381,578,381,578,279
8053,3849,4,0,5358,508,276,47,114,508,276,508,390,555,390,555,276
8054,3849,4,0,855,644,298,19,45,644,298,644,343,663,343,663,298
8055,3850,4,0,1012,642,302,22,46,642,302,642,348,664,348,664,302
8056,3850,4,0,5280,489,280,44,120,489,280,489,400,533,400,533,280
8057,3851,4,0,1296,641,300,24,54,641,300,641,354,665,354,665,300
8058,3851,4,0,7668,468,276,54,142,468,276,468,418,522,418,522,276
8059,3852,4,0,936,564,267,24,39,564,267,564,306,588,306,588,267
8060,3853,4,0,882,560,266,21,42,560,266,560,308,581,308,581,266
8061,3854,4,0,1035,552,266,23,45,552,266,552,311,575,311,575,266
8062,3855,4,0,1275,547,271,25,51,547,271,547,322,572,322,572,271
8063,3856,4,0,1311,546,274,23,57,546,274,546,331,569,331,569,274
8064,3857,4,0,1770,547,282,30,59,547,282,547,341,577,341,577,282
8065,3858,4,0,1904,554,322,28,68,554,322,554,390,582,390,582,322
8066,3859,4,0,1809,562,357,27,67,562,357,562,424,589,424,589,357
8067,3860,2,0,1680,756,312,30,56,756,312,756,368,786,368,786,312
8068,3861,4,0,2144,566,408,32,67,566,408,566,475,598,475,598,408
8069,3862,4,0,1653,569,420,29,57,569,420,569,477,598,477,598,420
8070,3862,3,0,1620,570,448,30,54,570,448,570,502,600,502,600,448
8071,3863,3,0,989,575,455,23,43,575,455,575,498,598,498,598,455
8072,3863,4,0,2485,566,417,35,71,566,417,566,488,601,488,601,417
8073,3864,3,0,2184,565,385,28,78,565,385,565,463,593,463,593,385
8074,3864,4,0,2160,562,374,30,72,562,374,562,446,592,446,592,374
8075,3865,3,0,1802,554,357,34,53,554,357,554,410,588,410,588,357
8076,3865,4,0,2640,553,319,33,80,553,319,553,399,586,399,586,319
8077,3866,4,0,5687,783,271,47,121,783,271,783,392,830,392,830,271
8078,3867,4,0,8512,824,259,56,152,824,259,824,411,880,411,880,259
8079,3868,4,0,12285,889,248,63,195,889,248,889,443,952,443,952,248
8080,3868,4,0,2573,190,317,31,83,190,317,190,400,221,400,221,317
8081,3868,2,0,2401,186,356,49,49,186,356,186,405,235,405,235,356
8082,3869,4,0,41044,1058,225,124,331,1058,225,1058,556,1182,556,1182,225
8083,3870,4,0,4183,868,289,47,89,868,289,868,378,915,378,915,289
8084,3870,4,0,1352,823,300,26,52,823,300,823,352,849,352,849,300
8085,3870,3,0,6150,485,319,75,82,485,319,485,401,560,401,560,319
8086,3871,4,0,1512,847,302,27,56,847,302,847,358,874,358,874,302
8087,3871,4,0,6318,920,289,54,117,920,289,920,406,974,406,974,289
8088,3871,3,0,8832,444,331,96,92,444,331,444,423,540,423,540,331
8089,3872,4,0,58905,61,268,165,357,61,268,61,625,226,625,226,268
8090,3872,4,0,3792,562,276,48,79,562,276,562,355,610,355,610,276
8091,3872,1,0,74140,943,235,337,220,943,235,943,455,1280,455,1280,235
8092,3872,2,0,2376,623,318,44,54,623,318,623,372,667,372,667,318
8093,3872,2,0,6230,550,328,70,89,550,328,550,417,620,417,620,328
8094,3872,4,0,3053,894,268,43,71,894,268,894,339,937,339,937,268
8095,3872,4,0,5831,760,279,49,119,760,279,760,398,809,398,809,279
8096,3872,4,0,5075,724,286,35,145,724,286,724,431,759,431,759,286
8097,3872,2,0,12804,684,327,132,97,684,327,684,424,816,424,816,327
8098,3872,2,0,5568,281,301,58,96,281,301,281,397,339,397,339,301
8099,3872,2,0,3116,412,327,38,82,412,327,412,409,450,409,450,327
8100,3872,1,0,5293,463,300,79,67,463,300,463,367,542,367,542,300
8101,3872,4,0,7191,160,256,51,141,160,256,160,397,211,397,211,256
8102,3872,2,0,3915,811,303,45,87,811,303,811,390,856,390,856,303
8103,3873,1,0,34300,935,254,196,175,935,254,935,429,1131,429,1131,254
8104,3873,1,0,77916,252,256,302,258,252,256,252,514,554,514,554,256
8105,3873,2,0,6762,617,302,69,98,617,302,617,400,686,400,686,302
8106,3873,4,0,10353,534,277,51,203,534,277,534,480,585,480,585,277
8107,3873,4,0,16660,1167,223,85,196,1167,223,1167,419,1252,419,1252,223
8108,3873,3,0,37122,1142,343,138,269,1142,343,1142,612,1280,612,1280,343
8109,3873,4,0,10584,887,254,63,168,887,254,887,422,950,422,950,254
8110,3873,2,0,11726,890,320,82,143,890,320,890,463,972,463,972,320
8111,3873,2,0,4420,786,297,52,85,786,297,786,382,838,382,838,297
8112,3873,2,0,16463,687,310,101,163,687,310,687,473,788,473,788,310
8113,3873,4,0,17430,669,263,83,210,669,263,669,473,752,473,752,263
8114,3874,4,0,36105,384,218,145,249,384,218,384,467,529,467,529,218
8115,3874,1,0,67156,771,241,326,206,771,241,771,447,1097,447,1097,241
8116,3874,2,0,28161,364,337,149,189,364,337,364,526,513,526,513,337
8117,3874,4,0,52332,611,212,178,294,611,212,611,506,789,506,789,212
8118,3874,2,0,27176,213,317,158,172,213,317,213,489,371,489,371,317
8119,3874,2,0,19965,533,282,121,165,533,282,533,447,654,447,654,282
8120,3874,2,0,47816,630,317,172,278,630,317,630,595,802,595,802,317
8121,3874,2,0,22750,1155,281,125,182,1155,281,1155,463,1280,463,1280,281
8122,3874,2,0,14700,1045,263,98,150,1045,263,1045,413,1143,413,1143,263
8123,3875,1,0,138844,868,221,412,337,868,221,868,558,1280,558,1280,221
8124,3875,4,0,35604,397,214,138,258,397,214,397,472,535,472,535,214
8125,3875,2,0,33231,151,316,159,209,151,316,151,525,310,525,310,316
8126,3875,2,0,27548,378,332,142,194,378,332,378,526,520,526,520,332
8127,3875,2,0,24480,536,241,120,204,536,241,536,445,656,445,656,241
8128,3875,1,0,17500,739,224,125,140,739,224,739,364,864,364,864,224
8129,3875,4,0,60970,585,201,182,335,585,201,585,536,767,536,767,201
8130,3875,2,0,38465,632,350,157,245,632,350,632,595,789,595,789,350
8131,3876,4,0,19885,946,253,97,205,946,253,946,458,1043,458,1043,253
8132,3876,1,0,3977,430,298,97,41,430,298,430,339,527,339,527,298
8133,3876,3,0,22059,939,322,129,171,939,322,939,493,1068,493,1068,322
8134,3876,1,0,39765,0,285,241,165,0,285,0,450,241,450,241,285
8135,3877,1,0,214781,777,140,503,427,777,140,777,567,1280,567,1280,140
8136,3877,1,0,2736,635,296,57,48,635,296,635,344,692,344,692,296
8137,3877,1,0,72760,37,285,428,170,37,285,37,455,465,455,465,285
8138,3877,2,0,4824,519,322,67,72,519,322,519,394,586,394,586,322
8139,3877,1,0,9540,681,285,106,90,681,285,681,375,787,375,787,285
8140,3877,2,0,26082,128,340,189,138,128,340,128,478,317,478,317,340
8141,3877,4,0,15400,173,273,77,200,173,273,173,473,250,473,250,273
8142,3878,2,0,79132,69,343,292,271,69,343,69,614,361,614,361,343
8143,3878,4,0,32274,157,257,163,198,157,257,157,455,320,455,320,257
8144,3878,2,0,2052,463,299,38,54,463,299,463,353,501,353,501,299
8145,3878,1,0,2867,400,297,61,47,400,297,400,344,461,344,461,297
8146,3878,2,0,2414,603,292,34,71,603,292,603,363,637,363,637,292
8147,3878,2,0,9720,950,301,108,90,950,301,950,391,1058,391,1058,301
8148,3878,2,0,8140,887,308,110,74,887,308,887,382,997,382,997,308
8149,3878,2,0,7221,844,299,83,87,844,299,844,386,927,386,927,299
8150,3878,2,0,2622,734,306,46,57,734,306,734,363,780,363,780,306
8151,3879,4,0,57408,28,248,156,368,28,248,28,616,184,616,184,248
8152,3879,2,0,2100,630,305,35,60,630,305,630,365,665,365,665,305
8153,3879,2,0,1680,475,301,35,48,475,301,475,349,510,349,510,301
8154,3879,2,0,86858,1,360,274,317,1,360,1,677,275,677,275,360
8155,3879,1,0,2745,407,297,61,45,407,297,407,342,468,342,468,297
8156,3879,2,0,2709,748,300,43,63,748,300,748,363,791,363,791,300
8157,3879,2,0,2132,686,299,41,52,686,299,686,351,727,351,727,299
8158,3879,2,0,11360,1179,303,80,142,1179,303,1179,445,1259,445,1259,303
8159,3879,2,0,12566,986,293,122,103,986,293,986,396,1108,396,1108,293
8160,3879,2,0,11648,920,306,128,91,920,306,920,397,1048,397,1048,306
8161,3879,2,0,7990,872,291,85,94,872,291,872,385,957,385,957,291
8162,3879,2,0,3245,792,303,59,55,792,303,792,358,851,358,851,303
8163,3880,1,0,34125,313,234,195,175,313,234,313,409,508,409,508,234
8164,3880,2,0,15470,882,232,85,182,882,232,882,414,967,414,967,232
8165,3880,1,0,71492,1036,198,244,293,1036,198,1036,491,1280,491,1280,198
8166,3880,1,0,80053,496,216,289,277,496,216,496,493,785,493,785,216
8167,3881,1,0,37961,301,232,203,187,301,232,301,419,504,419,504,232
8168,3881,2,0,10153,885,260,71,143,885,260,885,403,956,403,956,260
8169,3881,1,0,78817,487,220,293,269,487,220,487,489,780,489,780,220
8170,3881,3,0,78817,487,220,293,269,487,220,487,489,780,489,780,220
8171,3881,1,0,58220,1075,206,205,284,1075,206,1075,490,1280,490,1280,206
8172,3881,2,0,3243,782,271,47,69,782,271,782,340,829,340,829,271
8173,3882,1,0,44522,269,230,226,197,269,230,269,427,495,427,495,230
8174,3882,1,0,80240,490,222,295,272,490,222,490,494,785,494,785,222
8175,3882,2,0,9360,891,278,72,130,891,278,891,408,963,408,963,278
8176,3882,4,0,11248,880,240,76,148,880,240,880,388,956,388,956,240
8177,3882,1,0,57879,1103,194,177,327,1103,194,1103,521,1280,521,1280,194
8178,3882,2,0,4661,779,265,59,79,779,265,779,344,838,344,838,265
8179,3883,1,0,308339,277,153,613,503,277,153,277,656,890,656,890,153
8180,3883,1,0,109782,0,209,321,342,0,209,0,551,321,551,321,209
8181,3883,1,0,199090,850,194,430,463,850,194,850,657,1280,657,1280,194
8182,3884,1,0,311808,279,151,609,512,279,151,279,663,888,663,888,151
8183,3884,1,0,108779,0,210,319,341,0,210,0,551,319,551,319,210
8184,3884,1,0,227504,798,182,482,472,798,182,798,654,1280,654,1280,182
8185,3885,1,0,287763,296,164,579,497,296,164,296,661,875,661,875,164
8186,3885,1,0,104320,0,209,320,326,0,209,0,535,320,535,320,209
8187,3885,1,0,190120,892,177,388,490,892,177,892,667,1280,667,1280,177
8188,3885,4,0,44485,1062,237,217,205,1062,237,1062,442,1279,442,1279,237
8189,3886,1,0,299970,285,164,606,495,285,164,285,659,891,659,891,164
8190,3886,1,0,107900,0,210,325,332,0,210,0,542,325,542,325,210
8191,3886,1,0,159264,964,160,316,504,964,160,964,664,1280,664,1280,160
8192,3886,4,0,18174,881,214,78,233,881,214,881,447,959,447,959,214
8193,3886,2,0,22250,867,292,125,178,867,292,867,470,992,470,992,292
8194,3887,1,0,309093,289,162,591,523,289,162,289,685,880,685,880,162
8195,3887,1,0,109620,1,209,315,348,1,209,1,557,316,557,316,209
8196,3887,2,0,39184,908,279,158,248,908,279,908,527,1066,527,1066,279
8197,3887,1,0,113284,1057,168,223,508,1057,168,1057,676,1280,676,1280,168
8198,3887,4,0,23668,932,217,97,244,932,217,932,461,1029,461,1029,217
8199,3888,1,0,36080,220,252,176,205,220,252,220,457,396,457,396,252
8200,3888,1,0,92214,395,221,327,282,395,221,395,503,722,503,722,221
8201,3888,2,0,36686,801,285,166,221,801,285,801,506,967,506,967,285
8202,3888,2,0,83486,1001,282,247,338,1001,282,1001,620,1248,620,1248,282
8203,3888,1,0,136561,0,182,277,493,0,182,0,675,277,675,277,182
8204,3888,4,0,53953,1028,181,163,331,1028,181,1028,512,1191,512,1191,181
8205,3888,4,0,18122,938,228,82,221,938,228,938,449,1020,449,1020,228
8206,3888,4,0,27140,788,198,92,295,788,198,788,493,880,493,880,198
8207,3889,1,0,46866,177,254,219,214,177,254,177,468,396,468,396,254
8208,3889,4,0,64950,1130,157,150,433,1130,157,1130,590,1280,590,1280,157
8209,3889,1,0,67116,417,227,282,238,417,227,417,465,699,465,699,227
8210,3889,1,0,26344,285,239,148,178,285,239,285,417,433,417,433,239
8211,3889,4,0,10922,129,209,86,127,129,209,129,336,215,336,215,209
8212,3889,4,0,7918,945,233,74,107,945,233,945,340,1019,340,1019,233
8213,3889,2,0,47600,834,309,200,238,834,309,834,547,1034,547,1034,309
8214,3889,1,0,111848,0,196,248,451,0,196,0,647,248,647,248,196
8215,3889,4,0,31527,832,194,93,339,832,194,832,533,925,533,925,194
8216,3889,2,0,60858,1073,342,207,294,1073,342,1073,636,1280,636,1280,342
8217,3889,2,0,15834,1037,260,91,174,1037,260,1037,434,1128,434,1128,260
8218,3890,1,0,22400,301,250,175,128,301,250,301,378,476,378,476,250
8219,3891,2,0,46197,0,276,261,177,0,276,0,453,261,453,261,276
8220,3891,2,0,15049,1007,228,101,149,1007,228,1007,377,1108,377,1108,228
8221,3892,3,0,28980,734,238,230,126,734,238,734,364,964,364,964,238
8222,3893,2,0,95995,915,270,365,263,915,270,915,533,1280,533,1280,270
8223,3893,4,0,36432,1181,123,99,368,1181,123,1181,491,1280,491,1280,123
8224,3893,3,0,30380,744,232,217,140,744,232,744,372,961,372,961,232
8225,3894,2,0,146718,600,262,494,297,600,262,600,559,1094,559,1094,262
8226,3894,4,0,54864,824,130,144,381,824,130,824,511,968,511,968,130
8227,3894,4,0,67340,895,113,185,364,895,113,895,477,1080,477,1080,113
8228,3895,2,0,146608,217,292,539,272,217,292,217,564,756,564,756,292
8229,3895,3,0,31647,752,233,231,137,752,233,752,370,983,370,983,233
8230,3895,4,0,71760,502,117,195,368,502,117,502,485,697,485,697,117
8231,3895,4,0,60759,427,142,157,387,427,142,427,529,584,529,584,142
8232,3896,2,0,95316,0,322,338,282,0,322,0,604,338,604,338,322
8233,3896,4,0,74860,0,142,197,380,0,142,0,522,197,522,197,142
8234,3896,4,0,104748,34,118,258,406,34,118,34,524,292,524,292,118
8235,3896,3,0,36260,749,230,245,148,749,230,749,378,994,378,994,230
8236,3897,4,0,37604,762,234,238,158,762,234,762,392,1000,392,1000,234
8237,3897,2,0,80543,1041,200,239,337,1041,200,1041,537,1280,537,1280,200
8238,3898,4,0,80883,843,135,209,387,843,135,843,522,1052,522,1052,135
8239,3898,2,0,171366,678,233,507,338,678,233,678,571,1185,571,1185,233
8240,3899,2,0,184122,278,286,579,318,278,286,278,604,857,604,857,286
8241,3899,4,0,93666,459,150,233,402,459,150,459,552,692,552,692,150
8242,3899,3,0,36395,789,242,251,145,789,242,789,387,1040,387,1040,242
8243,3900,2,0,110160,5,357,405,272,5,357,5,629,410,629,410,357
8244,3900,4,0,128506,7,133,274,469,7,133,7,602,281,602,281,133
8245,3900,3,0,41496,821,233,266,156,821,233,821,389,1087,389,1087,233
8246,3901,3,0,47476,881,231,286,166,881,231,881,397,1167,397,1167,231
8247,3902,4,0,28272,657,204,114,248,657,204,657,452,771,452,771,204
8248,3902,4,0,27432,524,216,127,216,524,216,524,432,651,432,651,216
8249,3902,2,0,25702,504,295,142,181,504,295,504,476,646,476,646,295
8250,3902,4,0,19305,1014,218,99,195,1014,218,1014,413,1113,413,1113,218
8251,3902,4,0,87330,688,189,213,410,688,189,688,599,901,599,901,189
8252,3902,2,0,23064,1012,259,124,186,1012,259,1012,445,1136,445,1136,259
8253,3902,2,0,10564,461,297,76,139,461,297,461,436,537,436,537,297
8254,3902,2,0,12551,593,268,77,163,593,268,593,431,670,431,670,268
8255,3902,4,0,9600,464,227,75,128,464,227,464,355,539,355,539,227
8256,3903,3,0,53044,982,227,298,178,982,227,982,405,1280,405,1280,227
8257,3904,1,0,50589,0,260,231,219,0,260,0,479,231,479,231,260
8258,3905,1,0,176631,31,237,647,273,31,237,31,510,678,510,678,237
8259,3906,1,0,275310,456,207,798,345,456,207,456,552,1254,552,1254,207
8260,3906,1,0,20196,0,269,204,99,0,269,0,368,204,368,204,269
8261,3907,4,0,207972,769,139,436,477,769,139,769,616,1205,616,1205,139
8262,3907,4,0,31755,108,252,145,219,108,252,108,471,253,471,253,252
8263,3907,2,0,35321,107,339,209,169,107,339,107,508,316,508,316,339
8264,3907,2,0,196842,661,323,619,318,661,323,661,641,1280,641,1280,323
8265,3907,1,0,18444,159,262,212,87,159,262,159,349,371,349,371,262
8266,3907,1,0,10450,29,273,110,95,29,273,29,368,139,368,139,273
8267,3908,4,0,92263,277,198,257,359,277,198,277,557,534,557,534,198
8268,3908,2,0,105924,260,353,388,273,260,353,260,626,648,626,648,353
8269,3908,2,0,44622,467,305,201,222,467,305,467,527,668,527,668,305
8270,3908,2,0,16359,162,292,123,133,162,292,162,425,285,425,285,292
8271,3908,4,0,9860,170,248,68,145,170,248,170,393,238,393,238,248
8272,3908,2,0,6468,57,307,77,84,57,307,57,391,134,391,134,307
8273,3909,2,0,98472,759,331,373,264,759,331,759,595,1132,595,1132,331
8274,3909,4,0,39468,140,232,156,253,140,232,140,485,296,485,296,232
8275,3909,2,0,36504,147,313,169,216,147,313,147,529,316,529,316,313
8276,3909,4,0,59840,788,181,170,352,788,181,788,533,958,533,958,181
8277,3909,2,0,21545,433,300,155,139,433,300,433,439,588,439,588,300
8278,3909,1,0,15563,492,251,197,79,492,251,492,330,689,330,689,251
8279,3909,4,0,11928,440,236,71,168,440,236,440,404,511,404,511,236
8280,3910,2,0,5922,376,287,94,63,376,287,376,350,470,350,470,287
8281,3910,4,0,1564,898,259,23,68,898,259,898,327,921,327,921,259
8282,3911,2,0,7236,237,294,108,67,237,294,237,361,345,361,345,294
8283,3911,4,0,1771,794,263,23,77,794,263,794,340,817,340,817,263
8284,3912,2,0,9028,90,309,122,74,90,309,90,383,212,383,212,309
8285,3912,4,0,1738,696,279,22,79,696,279,696,358,718,358,718,279
8286,3913,4,0,2212,599,296,28,79,599,296,599,375,627,375,627,296
8287,3914,4,0,2136,511,303,24,89,511,303,511,392,535,392,535,303
8288,3915,4,0,2403,429,309,27,89,429,309,429,398,456,398,456,309
8289,3916,4,0,2400,337,310,25,96,337,310,337,406,362,406,362,310
8290,3917,2,0,11176,733,299,88,127,733,299,733,426,821,426,821,299
8291,3917,4,0,9570,753,240,66,145,753,240,753,385,819,385,819,240
8292,3918,4,0,5880,732,248,60,98,732,248,732,346,792,346,792,248
8293,3918,2,0,8667,714,297,81,107,714,297,714,404,795,404,795,297
8294,3919,2,0,7420,539,320,70,106,539,320,539,426,609,426,609,320
8295,3920,2,0,9102,503,331,82,111,503,331,503,442,585,442,585,331
8296,3921,2,0,12255,452,338,95,129,452,338,452,467,547,467,547,338
8297,3922,2,0,7070,707,286,70,101,707,286,707,387,777,387,777,286
8298,3922,4,0,7380,717,235,60,123,717,235,717,358,777,358,777,235
8299,3923,2,0,18676,385,340,116,161,385,340,385,501,501,501,501,340
8300,3923,2,0,7540,40,363,116,65,40,363,40,428,156,428,156,363
8301,3923,4,0,1722,119,331,21,82,119,331,119,413,140,413,140,331
8302,3923,4,0,2856,80,327,34,84,80,327,80,411,114,411,114,327
8303,3924,4,0,3276,14,334,39,84,14,334,14,418,53,418,53,334
8304,3924,2,0,4599,0,380,73,63,0,380,0,443,73,443,73,380
8305,3924,2,0,34277,275,326,151,227,275,326,275,553,426,553,426,326
8306,3925,2,0,73440,83,381,255,288,83,381,83,669,338,669,338,381
8307,3926,2,0,5428,706,282,59,92,706,282,706,374,765,374,765,282
8308,3926,4,0,6077,713,241,59,103,713,241,713,344,772,344,772,241
8309,3927,2,0,24648,412,277,156,158,412,277,412,435,568,435,568,277
8310,3928,2,0,41205,288,295,205,201,288,295,288,496,493,496,493,295
8311,3929,2,0,107236,33,289,332,323,33,289,33,612,365,612,365,289
8312,3929,2,0,19890,319,286,102,195,319,286,319,481,421,481,421,286
8313,3929,2,0,9963,370,280,81,123,370,280,370,403,451,403,451,280
8314,3929,2,0,5428,419,277,59,92,419,277,419,369,478,369,478,277
8315,3930,2,0,41839,139,291,139,301,139,291,139,592,278,592,278,291
8316,3930,2,0,18392,257,285,121,152,257,285,257,437,378,437,378,285
8317,3930,2,0,10788,344,273,87,124,344,273,344,397,431,397,431,273
8318,3931,2,0,32376,106,296,152,213,106,296,106,509,258,509,258,296
8319,3931,2,0,17374,255,289,119,146,255,289,255,435,374,435,374,289
8320,3932,2,0,28800,123,303,150,192,123,303,123,495,273,495,273,303
8321,3933,4,0,4680,45,240,45,104,45,240,45,344,90,344,90,240
8322,3934,1,0,25604,621,254,173,148,621,254,621,402,794,402,794,254
8323,3934,2,0,12835,879,252,85,151,879,252,879,403,964,403,964,252
8324,3934,2,0,3818,795,265,46,83,795,265,795,348,841,348,841,265
8325,3935,1,0,36639,543,263,207,177,543,263,543,440,750,440,750,263
8326,3935,2,0,6784,453,286,64,106,453,286,453,392,517,392,517,286
8327,3935,2,0,2964,741,268,38,78,741,268,741,346,779,346,779,268
8328,3935,2,0,5040,795,283,84,60,795,283,795,343,879,343,879,283
8329,3935,2,0,5390,910,299,98,55,910,299,910,354,1008,354,1008,299
8330,3936,1,0,38191,527,257,211,181,527,257,527,438,738,438,738,257
8331,3936,2,0,3936,755,278,48,82,755,278,755,360,803,360,803,278
8332,3936,2,0,8066,420,291,74,109,420,291,420,400,494,400,494,291
8333,3936,2,0,4864,808,284,76,64,808,284,808,348,884,348,884,284
8334,3937,4,0,12586,51,307,62,203,51,307,51,510,113,510,113,307
8335,3937,2,0,15834,120,330,91,174,120,330,120,504,211,504,211,330
8336,3937,4,0,14271,170,297,71,201,170,297,170,498,241,498,241,297
8337,3937,2,0,9990,309,333,111,90,309,333,309,423,420,423,420,333
8338,3937,1,0,8112,411,317,104,78,411,317,411,395,515,395,515,317
8339,3937,2,0,1495,545,318,23,65,545,318,545,383,568,383,568,318
8340,3937,1,0,48590,561,274,215,226,561,274,561,500,776,500,776,274
8341,3937,1,0,90297,898,281,381,237,898,281,898,518,1279,518,1279,281
8342,3937,2,0,2080,780,320,32,65,780,320,780,385,812,385,812,320
8343,3938,1,0,17664,561,292,128,138,561,292,561,430,689,430,689,292
8344,3938,1,0,37070,0,222,110,337,0,222,0,559,110,559,110,222
8345,3938,2,0,1620,471,308,30,54,471,308,471,362,501,362,501,308
8346,3938,1,0,4050,738,320,90,45,738,320,738,365,828,365,828,320
8347,3938,2,0,2508,866,320,33,76,866,320,866,396,899,396,899,320
8348,3938,2,0,2537,1138,327,59,43,1138,327,1138,370,1197,370,1197,327
8349,3939,1,0,19276,729,277,158,122,729,277,729,399,887,399,887,277
8350,3940,4,0,6160,124,304,56,110,124,304,124,414,180,414,180,304
8351,3940,2,0,4235,242,321,55,77,242,321,242,398,297,398,297,321
8352,3940,4,0,4576,173,301,44,104,173,301,173,405,217,405,217,301
8353,3940,1,0,9898,417,287,98,101,417,287,417,388,515,388,515,287
8354,3941,2,0,5130,287,306,54,95,287,306,287,401,341,401,341,306
8355,3941,1,0,14750,402,285,125,118,402,285,402,403,527,403,527,285
8356,3942,1,0,271890,710,193,570,477,710,193,710,670,1280,670,1280,193
8357,3943,2,0,113985,713,360,447,255,713,360,713,615,1160,615,1160,360
8358,3943,4,0,55909,812,233,163,343,812,233,812,576,975,576,975,233
8359,3943,2,0,3584,1173,308,56,64,1173,308,1173,372,1229,372,1229,308
8360,3943,1,0,23250,399,273,186,125,399,273,399,398,585,398,585,273
8361,3943,2,0,3780,167,359,63,60,167,359,167,419,230,419,230,359
8362,3943,1,0,5106,909,289,74,69,909,289,909,358,983,358,983,289
8363,3944,1,0,5325,1209,290,71,75,1209,290,1209,365,1280,365,1280,290
8364,3944,1,0,4810,1088,279,65,74,1088,279,1088,353,1153,353,1153,279
8365,3944,2,0,5680,318,354,80,71,318,354,318,425,398,425,398,354
8366,3944,1,0,24752,655,261,182,136,655,261,655,397,837,397,837,261
8367,3945,4,0,19312,965,384,136,142,965,384,965,526,1101,526,1101,384
8368,3946,1,0,1221,601,300,33,37,601,300,601,337,634,337,634,300
8369,3947,1,0,2160,575,296,48,45,575,296,575,341,623,341,623,296
8370,3948,4,0,9744,138,271,56,174,138,271,138,445,194,445,194,271
8371,3949,4,0,7425,1193,301,55,135,1193,301,1193,436,1248,436,1248,301
8372,3950,4,0,4641,681,295,39,119,681,295,681,414,720,414,720,295
8373,3950,4,0,4046,723,294,34,119,723,294,723,413,757,413,757,294
8374,3951,4,0,3007,692,284,31,97,692,284,692,381,723,381,723,284
8375,3951,4,0,1920,670,291,24,80,670,291,670,371,694,371,694,291
8376,3952,1,0,7980,706,298,95,84,706,298,706,382,801,382,801,298
8377,3952,4,0,3232,665,289,32,101,665,289,665,390,697,390,697,289
8378,3953,4,0,4144,744,275,37,112,744,275,744,387,781,387,781,275
8379,3954,4,0,71680,931,254,224,320,931,254,931,574,1155,574,1155,254
8380,3954,1,0,11562,725,297,123,94,725,297,725,391,848,391,848,297
8381,3955,1,0,13840,983,302,173,80,983,302,983,382,1156,382,1156,302
8382,3956,1,0,3900,331,296,75,52,331,296,331,348,406,348,406,296
8383,3957,1,0,6256,339,294,92,68,339,294,339,362,431,362,431,294
8384,3957,1,0,2295,199,287,51,45,199,287,199,332,250,332,250,287
8385,3958,1,0,9020,362,293,110,82,362,293,362,375,472,375,472,293
8386,3958,1,0,3416,206,282,56,61,206,282,206,343,262,343,262,282
8387,3959,4,0,33929,933,249,131,259,933,249,933,508,1064,508,1064,249
8388,3959,4,0,19184,752,255,88,218,752,255,752,473,840,473,840,255
8389,3959,3,0,17160,750,355,104,165,750,355,750,520,854,520,854,355
8390,3959,3,0,42370,922,358,190,223,922,358,922,581,1112,581,1112,358
8391,3959,4,0,4104,258,292,36,114,258,292,258,406,294,406,294,292
8392,3959,4,0,3936,291,292,41,96,291,292,291,388,332,388,332,292
8393,3959,4,0,3621,600,283,51,71,600,283,600,354,651,354,651,283
8394,3960,4,0,84611,995,194,211,401,995,194,995,595,1206,595,1206,194
8395,3960,3,0,78590,987,409,271,290,987,409,987,699,1258,699,1258,409
8396,3960,4,0,5459,199,291,53,103,199,291,199,394,252,394,252,291
8397,3960,4,0,12012,656,270,77,156,656,270,656,426,733,426,733,270
8398,3960,4,0,4664,246,295,44,106,246,295,246,401,290,401,290,295
8399,3961,4,0,16575,729,274,85,195,729,274,729,469,814,469,814,274
8400,3962,2,0,3692,603,320,52,71,603,320,603,391,655,391,655,320
8401,3963,4,0,4830,689,281,42,115,689,281,689,396,731,396,731,281
8402,3964,4,0,36344,813,222,118,308,813,222,813,530,931,530,931,222
8403,3965,4,0,7500,747,270,50,150,747,270,747,420,797,420,797,270
8404,3966,4,0,37762,885,276,158,239,885,276,885,515,1043,515,1043,276
8405,3967,4,0,5600,726,329,50,112,726,329,726,441,776,441,776,329
8406,3968,1,0,43044,667,265,204,211,667,265,667,476,871,476,871,265
8407,3969,1,0,163664,706,225,424,386,706,225,706,611,1130,611,1130,225
8408,3970,4,0,21225,895,259,75,283,895,259,895,542,970,542,970,259
8409,3970,4,0,1885,582,287,29,65,582,287,582,352,611,352,611,287
8410,3971,4,0,13943,679,272,73,191,679,272,679,463,752,463,752,272
8411,3971,4,0,19776,83,255,96,206,83,255,83,461,179,461,179,255
8412,3972,4,0,53148,760,257,172,309,760,257,760,566,932,566,932,257
8413,3973,1,0,4788,326,293,76,63,326,293,326,356,402,356,402,293
8414,3973,1,0,1845,217,286,45,41,217,286,217,327,262,327,262,286
8415,3973,4,0,3168,458,284,32,99,458,284,458,383,490,383,490,284
8416,3973,4,0,4708,408,281,44,107,408,281,408,388,452,388,452,281
8417,3973,3,0,8001,0,319,63,127,0,319,0,446,63,446,63,319
8418,3974,4,0,9504,680,237,44,216,680,237,680,453,724,453,724,237
8419,3974,4,0,19800,693,245,75,264,693,245,693,509,768,509,768,245
8420,3974,1,0,60885,671,282,297,205,671,282,671,487,968,487,968,282
8421,3974,4,0,5313,640,274,33,161,640,274,640,435,673,435,673,274
8422,3974,4,0,10017,231,259,53,189,231,259,231,448,284,448,284,259
8423,3974,4,0,8584,378,272,58,148,378,272,378,420,436,420,436,272
8424,3974,1,0,2961,424,281,47,63,424,281,424,344,471,344,471,281
8425,3975,4,0,56876,929,211,118,482,929,211,929,693,1047,693,1047,211
8426,3975,4,0,37583,867,198,91,413,867,198,867,611,958,611,958,198
8427,3975,4,0,9790,660,275,55,178,660,275,660,453,715,453,715,275
8428,3975,1,0,58560,693,283,244,240,693,283,693,523,937,523,937,283
8429,3975,1,0,2703,420,292,53,51,420,292,420,343,473,343,473,292
8430,3975,4,0,8249,39,260,73,113,39,260,39,373,112,373,112,260
8431,3975,4,0,13975,172,264,65,215,172,264,172,479,237,479,237,264
8432,3975,4,0,7392,364,281,66,112,364,281,364,393,430,393,430,281
8433,3976,1,0,166599,715,284,519,321,715,284,715,605,1234,605,1234,284
8434,3976,4,0,13780,682,274,65,212,682,274,682,486,747,486,747,274
8435,3976,4,0,33615,79,244,135,249,79,244,79,493,214,493,214,244
8436,3976,4,0,2849,538,284,37,77,538,284,538,361,575,361,575,284
8437,3976,4,0,7991,342,274,61,131,342,274,342,405,403,405,403,274
8438,3976,1,0,3135,408,291,55,57,408,291,408,348,463,348,463,291
8439,3977,4,0,6954,1066,272,61,114,1066,272,1066,386,1127,386,1127,272
8440,3977,4,0,24786,1142,258,102,243,1142,258,1142,501,1244,501,1244,258
8441,3977,4,0,11102,886,272,61,182,886,272,886,454,947,454,947,272
8442,3977,1,0,18000,435,282,150,120,435,282,435,402,585,402,585,282
8443,3977,4,0,16946,129,249,74,229,129,249,129,478,203,478,203,249
8444,3978,1,0,36000,736,279,288,125,736,279,736,404,1024,404,1024,279
8445,3979,4,0,29232,1154,253,112,261,1154,253,1154,514,1266,514,1266,253
8446,3980,4,0,32963,660,235,119,277,660,235,660,512,779,512,779,235
8447,3981,2,0,4092,487,345,66,62,487,345,487,407,553,407,553,345
8448,3981,2,0,5952,58,331,64,93,58,331,58,424,122,424,122,331
8449,3981,2,0,3650,16,345,50,73,16,345,16,418,66,418,66,345
8450,3981,4,0,4400,75,294,40,110,75,294,75,404,115,404,115,294
8451,3981,4,0,2613,23,320,39,67,23,320,23,387,62,387,62,320
8452,3982,2,0,86940,965,369,315,276,965,369,965,645,1280,645,1280,369
8453,3982,2,0,4410,486,345,70,63,486,345,486,408,556,408,556,345
8454,3982,2,0,7038,63,328,69,102,63,328,63,430,132,430,132,328
8455,3982,2,0,4212,14,343,54,78,14,343,14,421,68,421,68,343
8456,3982,4,0,5355,77,290,45,119,77,290,77,409,122,409,122,290
8457,3982,4,0,3078,27,318,38,81,27,318,27,399,65,399,65,318
8458,3983,2,0,3828,489,347,66,58,489,347,489,405,555,405,555,347
8459,3983,2,0,148629,422,333,481,309,422,333,422,642,903,642,903,333
8460,3983,4,0,48645,728,222,141,345,728,222,728,567,869,567,869,222
8461,3983,4,0,69564,586,229,187,372,586,229,586,601,773,601,773,229
8462,3983,2,0,7950,72,329,75,106,72,329,72,435,147,435,147,329
8463,3983,2,0,4455,15,343,55,81,15,343,15,424,70,424,70,343
8464,3983,4,0,4005,23,311,45,89,23,311,23,400,68,400,68,311
8465,3983,4,0,5831,85,290,49,119,85,290,85,409,134,409,134,290
8466,3984,4,0,81675,49,214,225,363,49,214,49,577,274,577,274,214
8467,3985,4,0,48760,1082,243,184,265,1082,243,1082,508,1266,508,1266,243
8468,3985,4,0,6300,113,279,50,126,113,279,113,405,163,405,163,279
8469,3986,2,0,81586,523,346,361,226,523,346,523,572,884,572,884,346
8470,3986,4,0,59946,621,241,206,291,621,241,621,532,827,532,827,241
8471,3986,2,0,11375,105,325,91,125,105,325,105,450,196,450,196,325
8472,3986,2,0,4550,471,343,65,70,471,343,471,413,536,413,536,343
8473,3986,4,0,9720,117,274,72,135,117,274,117,409,189,409,189,274
8474,3986,2,0,4343,0,334,43,101,0,334,0,435,43,435,43,334
8475,3986,4,0,3708,0,298,36,103,0,298,0,401,36,401,36,298
8476,3987,2,0,62720,0,392,320,196,0,392,0,588,320,588,320,392
8477,3987,4,0,58006,25,210,194,299,25,210,25,509,219,509,219,210
8478,3987,2,0,4899,423,343,71,69,423,343,423,412,494,412,494,343
8479,3988,2,0,25110,26,313,162,155,26,313,26,468,188,468,188,313
8480,3988,4,0,18032,58,255,98,184,58,255,58,439,156,439,156,255
8481,3988,2,0,5180,342,344,74,70,342,344,342,414,416,414,416,344
8482,3989,2,0,30108,0,328,193,156,0,328,0,484,193,484,193,328
8483,3989,4,0,19646,23,246,94,209,23,246,23,455,117,455,117,246
8484,3989,2,0,5776,230,347,76,76,230,347,230,423,306,423,306,347
8485,3990,2,0,39330,0,305,207,190,0,305,0,495,207,495,207,305
8486,3990,4,0,23980,0,231,109,220,0,231,0,451,109,451,109,231
8487,3991,4,0,33495,12,228,145,231,12,228,12,459,157,459,157,228
8488,3991,2,0,46288,0,332,263,176,0,332,0,508,263,508,263,332
8489,3992,4,0,42217,82,211,163,259,82,211,82,470,245,470,245,211
8490,3992,2,0,70094,2,322,347,202,2,322,2,524,349,524,349,322
8491,3993,2,0,75828,87,314,356,213,87,314,87,527,443,527,443,314
8492,3993,4,0,52355,193,201,185,283,193,201,193,484,378,484,378,201
8493,3994,4,0,46982,298,215,169,278,298,215,298,493,467,493,467,215
8494,3994,2,0,70834,199,315,331,214,199,315,199,529,530,529,530,315
8495,3995,4,0,56712,372,231,204,278,372,231,372,509,576,509,576,231
8496,3995,2,0,62920,317,318,286,220,317,318,317,538,603,538,603,318
8497,3996,4,0,47168,463,244,176,268,463,244,463,512,639,512,639,244
8498,3996,2,0,53846,412,331,247,218,412,331,412,549,659,549,659,331
8499,3997,4,0,44980,504,240,173,260,504,240,504,500,677,500,677,240
8500,3997,2,0,35175,485,355,201,175,485,355,485,530,686,530,686,355
8501,3998,2,0,31396,552,323,167,188,552,323,552,511,719,511,719,323
8502,3998,4,0,24476,589,246,116,211,589,246,589,457,705,457,705,246
8503,3999,2,0,26600,589,318,133,200,589,318,589,518,722,518,722,318
8504,3999,4,0,19740,612,250,94,210,612,250,612,460,706,460,706,250
8505,4000,2,0,23056,579,321,131,176,579,321,579,497,710,497,710,321
8506,4000,4,0,19894,592,253,98,203,592,253,592,456,690,456,690,253
8507,4000,2,0,4704,1197,308,56,84,1197,308,1197,392,1253,392,1253,308
8508,4001,2,0,20358,553,326,117,174,553,326,553,500,670,500,670,326
8509,4001,4,0,14664,576,261,78,188,576,261,576,449,654,449,654,261
8510,4001,2,0,5626,1137,317,58,97,1137,317,1137,414,1195,414,1195,317
8511,4001,4,0,4545,1127,286,45,101,1127,286,1127,387,1172,387,1172,286
8512,4001,2,0,1624,1080,299,28,58,1080,299,1080,357,1108,357,1108,299
8513,4002,2,0,9794,1100,320,83,118,1100,320,1100,438,1183,438,1183,320
8514,4002,2,0,19936,532,308,112,178,532,308,532,486,644,486,644,308
8515,4003,2,0,17108,528,284,94,182,528,284,528,466,622,466,622,284
8516,4003,2,0,20625,1127,318,125,165,1127,318,1127,483,1252,483,1252,318
8517,4004,2,0,2680,905,310,40,67,905,310,905,377,945,377,945,310
8518,4004,2,0,13959,509,319,99,141,509,319,509,460,608,460,608,319
8519,4005,2,0,3198,872,311,39,82,872,311,872,393,911,393,911,311
8520,4005,2,0,10540,496,330,85,124,496,330,496,454,581,454,581,330
8521,4005,4,0,6080,1180,283,40,152,1180,283,1180,435,1220,435,1220,283
8522,4005,2,0,7497,1119,335,63,119,1119,335,1119,454,1182,454,1182,335
8523,4006,4,0,9396,1169,280,54,174,1169,280,1169,454,1223,454,1223,280
8524,4006,4,0,6450,1128,287,50,129,1128,287,1128,416,1178,416,1178,287
8525,4006,4,0,7809,474,263,57,137,474,263,474,400,531,400,531,263
8526,4007,4,0,11392,1184,274,64,178,1184,274,1184,452,1248,452,1248,274
8527,4007,4,0,4352,870,279,34,128,870,279,870,407,904,407,904,279
8528,4008,4,0,10584,756,266,63,168,756,266,756,434,819,434,819,266
8529,4008,1,0,990,464,304,33,30,464,304,464,334,497,334,497,304
8530,4009,4,0,31815,1003,245,101,315,1003,245,1003,560,1104,560,1104,245
8531,4009,1,0,1225,464,301,35,35,464,301,464,336,499,336,499,301
8532,4010,1,0,1258,467,302,37,34,467,302,467,336,504,336,504,302
8533,4011,1,0,1681,471,301,41,41,471,301,471,342,512,342,512,301
8534,4012,4,0,9856,864,288,56,176,864,288,864,464,920,464,920,288
8535,4012,1,0,2156,476,305,49,44,476,305,476,349,525,349,525,305
8536,4013,4,0,16128,1115,275,72,224,1115,275,1115,499,1187,499,1187,275
8537,4013,4,0,16683,1180,281,67,249,1180,281,1180,530,1247,530,1247,281
8538,4013,1,0,2160,489,309,48,45,489,309,489,354,537,354,537,309
8539,4013,4,0,11154,189,272,66,169,189,272,189,441,255,441,255,272
8540,4014,1,0,2860,496,308,55,52,496,308,496,360,551,360,551,308
8541,4015,1,0,3762,504,308,66,57,504,308,504,365,570,365,570,308
8542,4016,1,0,5005,515,305,77,65,515,305,515,370,592,370,592,305
