id,image_id,category_id,iscrowd,area,bbox0,bbox1,bbox2,bbox3,seg0,seg1,seg2,seg3,seg4,seg5,seg6,seg7
2,1,1,0,254520,0,240,630,404,0,240,0,644,630,644,630,240
12,10,4,0,17892,1171,297,84,213,1171,297,1171,510,1255,510,1255,297
13,11,4,0,1792,834,314,28,64,834,314,834,378,862,378,862,314
17,14,1,0,1190,662,304,35,34,662,304,662,338,697,338,697,304
22,17,1,0,891,723,315,33,27,723,315,723,342,756,342,756,315
25,18,1,0,1443,632,307,39,37,632,307,632,344,671,344,671,307
26,19,1,0,1428,714,311,42,34,714,311,714,345,756,345,756,311
34,22,1,0,1640,595,313,41,40,595,313,595,353,636,353,636,313
35,23,1,0,3726,715,308,69,54,715,308,715,362,784,362,784,308
38,24,4,0,2550,1012,314,30,85,1012,314,1012,399,1042,399,1042,314
39,24,1,0,2250,582,307,50,45,582,307,582,352,632,352,632,307
43,26,4,0,4935,1049,312,47,105,1049,312,1049,417,1096,417,1096,312
46,26,1,0,12283,202,287,173,71,202,287,202,358,375,358,375,287
49,27,1,0,2907,565,304,57,51,565,304,565,355,622,355,622,304
56,29,4,0,13724,1147,316,94,146,1147,316,1147,462,1241,462,1241,316
58,30,1,0,21320,0,258,164,130,0,258,0,388,164,388,164,258
64,36,1,0,36980,254,279,215,172,254,279,254,451,469,451,469,279
65,37,4,0,7050,882,289,50,141,882,289,882,430,932,430,932,289
66,37,1,0,75210,93,259,327,230,93,259,93,489,420,489,420,259
69,40,4,0,12012,1214,304,66,182,1214,304,1214,486,1280,486,1280,304
88,51,4,0,16471,1027,273,91,181,1027,273,1027,454,1118,454,1118,273
93,56,4,0,1560,718,316,30,52,718,316,718,368,748,368,748,316
94,57,4,0,2065,707,309,35,59,707,309,707,368,742,368,742,309
101,64,4,0,3744,589,294,36,104,589,294,589,398,625,398,625,294
111,71,1,0,1248,596,309,39,32,596,309,596,341,635,341,635,309
122,79,1,0,2068,633,305,44,47,633,305,633,352,677,352,677,305
134,86,4,0,6670,231,246,46,145,231,246,231,391,277,391,277,246
146,92,1,0,16851,224,257,123,137,224,257,224,394,347,394,347,257
147,92,1,0,5100,511,298,75,68,511,298,511,366,586,366,586,298
149,93,1,0,5920,512,299,80,74,512,299,512,373,592,373,592,299
156,97,1,0,24336,142,252,156,156,142,252,142,408,298,408,298,252
166,102,1,0,54366,0,228,246,221,0,228,0,449,246,449,246,228
174,104,1,0,52668,0,219,209,252,0,219,0,471,209,471,209,219
180,107,1,0,106267,951,244,329,323,951,244,951,567,1280,567,1280,244
182,107,1,0,13098,561,288,118,111,561,288,561,399,679,399,679,288
184,108,1,0,13566,561,288,119,114,561,288,561,402,680,402,680,288
190,110,1,0,15720,546,289,131,120,546,289,546,409,677,409,677,289
191,110,4,0,1407,805,294,21,67,805,294,805,361,826,361,826,294
193,111,1,0,30800,810,287,200,154,810,287,810,441,1010,441,1010,287
197,112,1,0,18850,513,286,145,130,513,286,513,416,658,416,658,286
202,114,1,0,114400,864,266,416,275,864,266,864,541,1280,541,1280,266
209,116,1,0,27540,435,281,180,153,435,281,435,434,615,434,615,281
218,119,1,0,4420,672,298,65,68,672,298,672,366,737,366,737,298
225,121,4,0,6156,737,293,54,114,737,293,737,407,791,407,791,293
241,126,4,0,42656,923,286,172,248,923,286,923,534,1095,534,1095,286
242,126,4,0,32400,898,272,135,240,898,272,898,512,1033,512,1033,272
245,126,1,0,160752,0,239,408,394,0,239,0,633,408,633,408,239
251,127,4,0,1755,521,290,27,65,521,290,521,355,548,355,548,290
256,129,1,0,15912,1178,262,102,156,1178,262,1178,418,1280,418,1280,262
257,130,1,0,131670,0,200,285,462,0,200,0,662,285,662,285,200
258,130,1,0,25345,218,273,185,137,218,273,218,410,403,410,403,273
260,130,4,0,1568,504,295,28,56,504,295,504,351,532,351,532,295
262,131,1,0,32100,173,272,214,150,173,272,173,422,387,422,387,272
266,132,1,0,40095,137,266,243,165,137,266,137,431,380,431,380,266
269,132,1,0,2500,544,306,50,50,544,306,544,356,594,356,594,306
281,137,1,0,116816,0,236,392,298,0,236,0,534,392,534,392,236
288,142,1,0,78384,1096,201,184,426,1096,201,1096,627,1280,627,1280,201
295,148,1,0,17202,785,283,141,122,785,283,785,405,926,405,926,283
302,155,1,0,3248,693,299,58,56,693,299,693,355,751,355,751,299
304,157,4,0,5934,1080,308,46,129,1080,308,1080,437,1126,437,1126,308
306,158,4,0,4920,1046,304,41,120,1046,304,1046,424,1087,424,1087,304
309,160,1,0,1591,687,298,37,43,687,298,687,341,724,341,724,298
315,166,1,0,220400,127,241,725,304,127,241,127,545,852,545,852,241
317,167,1,0,1184,569,316,37,32,569,316,569,348,606,348,606,316
323,170,1,0,1054,592,301,34,31,592,301,592,332,626,332,626,301
326,172,1,0,1404,701,311,39,36,701,311,701,347,740,347,740,311
328,173,1,0,1677,725,315,43,39,725,315,725,354,768,354,768,315
329,173,1,0,1406,684,311,38,37,684,311,684,348,722,348,722,311
332,175,1,0,1804,732,313,44,41,732,313,732,354,776,354,776,313
333,175,1,0,1476,693,308,36,41,693,308,693,349,729,349,729,308
346,182,1,0,2646,751,305,54,49,751,305,751,354,805,354,805,305
348,183,1,0,2475,765,309,55,45,765,309,765,354,820,354,820,309
357,187,1,0,2024,782,313,44,46,782,313,782,359,826,359,826,313
360,189,1,0,4800,869,310,75,64,869,310,869,374,944,374,944,310
363,190,1,0,2600,805,308,50,52,805,308,805,360,855,360,855,308
367,192,1,0,3074,810,311,58,53,810,311,810,364,868,364,868,311
371,194,1,0,8640,893,311,108,80,893,311,893,391,1001,391,1001,311
373,195,4,0,2590,1033,327,35,74,1033,327,1033,401,1068,401,1068,327
383,198,1,0,4284,809,309,68,63,809,309,809,372,877,372,877,309
384,199,1,0,15645,948,308,149,105,948,308,948,413,1097,413,1097,308
385,199,4,0,18666,774,261,102,183,774,261,774,444,876,444,876,261
389,201,1,0,22250,986,303,178,125,986,303,986,428,1164,428,1164,303
391,201,4,0,6630,717,274,51,130,717,274,717,404,768,404,768,274
392,202,4,0,4368,699,276,39,112,699,276,699,388,738,388,738,276
396,203,4,0,3700,681,282,37,100,681,282,681,382,718,382,718,282
398,204,1,0,276446,781,0,499,554,781,0,781,554,1280,554,1280,0
405,206,4,0,1794,653,296,26,69,653,296,653,365,679,365,679,296
410,208,1,0,12462,860,317,134,93,860,317,860,410,994,410,994,317
411,208,1,0,42065,674,185,179,235,674,185,674,420,853,420,853,185
413,209,4,0,10500,1197,307,60,175,1197,307,1197,482,1257,482,1257,307
433,218,1,0,5544,663,265,63,88,663,265,663,353,726,353,726,265
445,224,1,0,2478,662,288,42,59,662,288,662,347,704,347,704,288
451,230,1,0,1617,631,294,33,49,631,294,631,343,664,343,664,294
456,235,2,0,861,722,318,21,41,722,318,722,359,743,359,743,318
458,237,4,0,700,620,300,14,50,620,300,620,350,634,350,634,300
463,240,4,0,11008,260,265,64,172,260,265,260,437,324,437,324,265
468,242,4,0,1334,586,303,23,58,586,303,586,361,609,361,609,303
471,244,4,0,1633,549,299,23,71,549,299,549,370,572,370,572,299
483,252,4,0,40186,3,236,142,283,3,236,3,519,145,519,145,236
486,254,4,0,36036,229,255,117,308,229,255,229,563,346,563,346,255
496,263,1,0,1517,708,309,37,41,708,309,708,350,745,350,745,309
497,264,1,0,1554,706,307,37,42,706,307,706,349,743,349,743,307
503,270,1,0,2640,683,298,48,55,683,298,683,353,731,353,731,298
509,276,1,0,6885,731,291,81,85,731,291,731,376,812,376,812,291
511,278,1,0,12426,778,278,109,114,778,278,778,392,887,392,887,278
518,285,1,0,192096,422,287,667,288,422,287,422,575,1089,575,1089,287
522,288,1,0,43540,954,287,311,140,954,287,954,427,1265,427,1265,287
524,290,1,0,27690,1138,269,142,195,1138,269,1138,464,1280,464,1280,269
535,299,1,0,4656,511,301,97,48,511,301,511,349,608,349,608,301
541,302,1,0,8142,407,292,138,59,407,292,407,351,545,351,545,292
545,304,1,0,12312,313,285,162,76,313,285,313,361,475,361,475,285
547,305,1,0,15747,243,280,181,87,243,280,243,367,424,367,424,280
552,308,1,0,1809,705,311,67,27,705,311,705,338,772,338,772,311
553,309,1,0,194400,378,294,675,288,378,294,378,582,1053,582,1053,294
555,310,1,0,3154,581,301,83,38,581,301,581,339,664,339,664,301
556,311,1,0,3854,584,320,82,47,584,320,584,367,666,367,666,320
557,312,1,0,3560,578,319,89,40,578,319,578,359,667,359,667,319
560,315,1,0,5876,529,304,113,52,529,304,529,356,642,356,642,304
565,320,1,0,17085,350,315,201,85,350,315,350,400,551,400,551,315
569,324,1,0,80216,0,272,271,296,0,272,0,568,271,568,271,272
575,330,1,0,9879,781,279,111,89,781,279,781,368,892,368,892,279
587,342,4,0,19845,977,265,81,245,977,265,977,510,1058,510,1058,265
593,347,1,0,204600,336,285,682,300,336,285,336,585,1018,585,1018,285
603,355,4,0,4819,231,256,61,79,231,256,231,335,292,335,292,256
618,365,3,0,14915,375,279,157,95,375,279,375,374,532,374,532,279
622,369,3,0,25986,42,276,213,122,42,276,42,398,255,398,255,276
626,371,1,0,9440,9,301,118,80,9,301,9,381,127,381,127,301
636,375,1,0,13464,241,314,136,99,241,314,241,413,377,413,377,314
640,377,1,0,17423,0,287,131,133,0,287,0,420,131,420,131,287
643,378,1,0,18685,598,367,185,101,598,367,598,468,783,468,783,367
654,381,1,0,23896,964,353,206,116,964,353,964,469,1170,469,1170,353
658,382,1,0,7200,346,315,100,72,346,315,346,387,446,387,446,315
666,384,4,0,7268,772,291,46,158,772,291,772,449,818,449,818,291
676,385,3,0,60326,68,310,217,278,68,310,68,588,285,588,285,310
685,387,4,0,5964,1013,312,42,142,1013,312,1013,454,1055,454,1055,312
698,389,3,0,84940,0,326,274,310,0,326,0,636,274,636,274,326
699,389,4,0,37128,0,204,104,357,0,204,0,561,104,561,104,204
704,390,4,0,12210,1206,320,66,185,1206,320,1206,505,1272,505,1272,320
707,391,1,0,16677,788,298,153,109,788,298,788,407,941,407,941,298
709,391,1,0,40140,0,233,223,180,0,233,0,413,223,413,223,233
714,393,1,0,22692,842,297,186,122,842,297,842,419,1028,419,1028,297
715,393,4,0,4094,819,300,46,89,819,300,819,389,865,389,865,300
716,393,1,0,29120,3,256,160,182,3,256,3,438,163,438,163,256
723,395,2,0,1624,799,326,29,56,799,326,799,382,828,382,828,326
724,395,1,0,45720,965,287,254,180,965,287,965,467,1219,467,1219,287
732,397,2,0,4400,930,330,50,88,930,330,930,418,980,418,980,330
734,398,2,0,37224,1025,325,188,198,1025,325,1025,523,1213,523,1213,325
737,398,3,0,12276,317,302,93,132,317,302,317,434,410,434,410,302
739,399,1,0,27084,1154,290,148,183,1154,290,1154,473,1302,473,1302,290
744,401,2,0,1700,912,325,34,50,912,325,912,375,946,375,946,325
749,403,1,0,2765,426,312,79,35,426,312,426,347,505,347,505,312
750,403,2,0,1786,801,318,38,47,801,318,801,365,839,365,839,318
755,405,2,0,4720,876,338,59,80,876,338,876,418,935,418,935,338
765,410,2,0,10528,1120,337,94,112,1120,337,1120,449,1214,449,1214,337
767,411,2,0,7788,1214,343,66,118,1214,343,1214,461,1280,461,1280,343
772,412,2,0,5025,1210,349,67,75,1210,349,1210,424,1277,424,1277,349
777,413,2,0,4104,1223,354,57,72,1223,354,1223,426,1280,426,1280,354
778,413,1,0,21483,64,293,231,93,64,293,64,386,295,386,295,293
779,414,2,0,4165,887,336,49,85,887,336,887,421,936,421,936,336
787,416,1,0,700,664,307,28,25,664,307,664,332,692,332,692,307
789,417,4,0,27008,727,296,128,211,727,296,727,507,855,507,855,296
798,420,1,0,5481,841,308,87,63,841,308,841,371,928,371,928,308
804,421,1,0,5063,863,311,83,61,863,311,863,372,946,372,946,311
806,421,1,0,754,680,313,29,26,680,313,680,339,709,339,709,313
814,422,1,0,3795,486,307,69,55,486,307,486,362,555,362,555,307
816,423,1,0,10660,922,307,130,82,922,307,922,389,1052,389,1052,307
817,423,1,0,1088,692,308,32,34,692,308,692,342,724,342,724,308
819,423,4,0,8925,340,282,51,175,340,282,340,457,391,457,391,282
822,424,1,0,11537,968,317,139,83,968,317,968,400,1107,400,1107,317
825,424,1,0,6552,455,305,91,72,455,305,455,377,546,377,546,305
827,424,4,0,22512,218,274,84,268,218,274,218,542,302,542,302,274
831,425,4,0,85654,1006,234,226,379,1006,234,1006,613,1232,613,1232,234
832,426,4,0,49868,863,248,182,274,863,248,863,522,1045,522,1045,248
835,426,1,0,14100,383,297,141,100,383,297,383,397,524,397,524,297
842,427,1,0,19684,1132,315,148,133,1132,315,1132,448,1280,448,1280,315
844,428,4,0,26760,719,269,120,223,719,269,719,492,839,492,839,269
859,431,1,0,12573,770,301,127,99,770,301,770,400,897,400,897,301
862,431,2,0,11771,635,325,79,149,635,325,635,474,714,474,714,325
866,432,1,0,42848,2,294,206,208,2,294,2,502,208,502,208,294
872,434,2,0,8442,622,302,63,134,622,302,622,436,685,436,685,302
874,434,2,0,1035,779,320,23,45,779,320,779,365,802,365,802,320
885,436,2,0,2700,1006,320,50,54,1006,320,1006,374,1056,374,1056,320
887,436,2,0,9471,618,316,77,123,618,316,618,439,695,439,695,316
892,437,1,0,7553,485,288,91,83,485,288,485,371,576,371,576,288
893,437,2,0,7659,160,319,111,69,160,319,160,388,271,388,271,319
894,437,2,0,7770,615,320,70,111,615,320,615,431,685,431,685,320
900,438,2,0,1856,754,311,32,58,754,311,754,369,786,369,786,311
904,438,4,0,14742,1215,277,63,234,1215,277,1215,511,1278,511,1278,277
906,439,2,0,11284,977,319,91,124,977,319,977,443,1068,443,1068,319
908,439,2,0,3010,786,319,43,70,786,319,786,389,829,389,829,319
913,440,2,0,8798,838,318,83,106,838,318,838,424,921,424,921,318
916,440,4,0,10976,1224,275,56,196,1224,275,1224,471,1280,471,1280,275
922,441,2,0,6804,589,320,63,108,589,320,589,428,652,428,652,320
928,442,2,0,5074,1004,328,86,59,1004,328,1004,387,1090,387,1090,328
936,444,1,0,128633,0,204,307,419,0,204,0,623,307,623,307,204
938,445,1,0,7644,485,294,98,78,485,294,485,372,583,372,583,294
939,445,2,0,7236,597,310,67,108,597,310,597,418,664,418,664,310
948,447,1,0,81432,931,289,348,234,931,289,931,523,1279,523,1279,289
954,449,2,0,2479,822,330,37,67,822,330,822,397,859,397,859,330
960,450,2,0,2146,798,330,37,58,798,330,798,388,835,388,835,330
961,450,2,0,1035,668,314,23,45,668,314,668,359,691,359,691,314
968,452,2,0,6798,868,326,66,103,868,326,868,429,934,429,934,326
969,452,2,0,4700,602,327,50,94,602,327,602,421,652,421,652,327
974,453,2,0,5035,613,325,53,95,613,325,613,420,666,420,666,325
978,453,1,0,2385,517,299,45,53,517,299,517,352,562,352,562,299
979,453,1,0,9828,288,290,126,78,288,290,288,368,414,368,414,290
987,454,1,0,17523,188,277,177,99,188,277,188,376,365,376,365,277
988,455,4,0,16960,0,269,80,212,0,269,0,481,80,481,80,269
989,455,3,0,4420,527,286,52,85,527,286,527,371,579,371,579,286
1010,463,2,0,3108,490,316,42,74,490,316,490,390,532,390,532,316
1011,464,1,0,38850,778,283,222,175,778,283,778,458,1000,458,1000,283
1012,464,4,0,14707,381,287,77,191,381,287,381,478,458,478,458,287
1016,465,2,0,6464,587,305,64,101,587,305,587,406,651,406,651,305
1021,467,4,0,39026,46,273,158,247,46,273,46,520,204,520,204,273
1028,468,1,0,7353,34,288,129,57,34,288,34,345,163,345,163,288
1033,469,1,0,7808,0,283,122,64,0,283,0,347,122,347,122,283
1040,471,2,0,1260,784,325,28,45,784,325,784,370,812,370,812,325
1045,472,3,0,5460,851,301,60,91,851,301,851,392,911,392,911,301
1046,473,2,0,29862,1087,347,158,189,1087,347,1087,536,1245,536,1245,347
1051,474,2,0,3216,668,320,48,67,668,320,668,387,716,387,716,320
1067,479,2,0,3542,692,316,46,77,692,316,692,393,738,393,738,316
1069,479,2,0,3239,1090,324,79,41,1090,324,1090,365,1169,365,1169,324
1078,481,1,0,1548,659,301,43,36,659,301,659,337,702,337,702,301
1085,483,1,0,17554,406,282,134,131,406,282,406,413,540,413,540,282
1088,483,4,0,23120,0,280,85,272,0,280,0,552,85,552,85,280
1091,484,1,0,31752,762,299,216,147,762,299,762,446,978,446,978,299
1095,484,4,0,7776,79,286,72,108,79,286,79,394,151,394,151,286
1097,484,2,0,31080,215,318,140,222,215,318,215,540,355,540,355,318
1098,484,4,0,9313,13,263,67,139,13,263,13,402,80,402,80,263
1099,484,2,0,55683,0,366,207,269,0,366,0,635,207,635,207,366
1112,487,1,0,34226,816,288,218,157,816,288,816,445,1034,445,1034,288
1123,489,1,0,59682,193,272,294,203,193,272,193,475,487,475,487,272
1125,490,4,0,2480,823,313,31,80,823,313,823,393,854,393,854,313
1137,493,1,0,86940,124,270,378,230,124,270,124,500,502,500,502,270
1139,493,2,0,12600,541,320,84,150,541,320,541,470,625,470,625,320
1147,495,1,0,6232,745,293,82,76,745,293,745,369,827,369,827,293
1149,496,1,0,8036,761,293,98,82,761,293,761,375,859,375,859,293
1165,500,4,0,15399,1153,297,87,177,1153,297,1153,474,1240,474,1240,297
1175,502,1,0,8960,751,305,112,80,751,305,751,385,863,385,863,305
1179,502,4,0,4536,898,298,36,126,898,298,898,424,934,424,934,298
1181,503,1,0,59000,985,290,295,200,985,290,985,490,1280,490,1280,290
1184,504,2,0,10153,13,269,71,143,13,269,13,412,84,412,84,269
1188,505,1,0,9504,464,296,108,88,464,296,464,384,572,384,572,296
1191,506,1,0,7839,789,314,117,67,789,314,789,381,906,381,906,314
1193,506,2,0,9394,319,308,77,122,319,308,319,430,396,430,396,308
1197,507,2,0,22545,1109,362,167,135,1109,362,1109,497,1276,497,1276,362
1203,510,3,0,5002,517,308,61,82,517,308,517,390,578,390,578,308
1232,526,1,0,2968,736,299,56,53,736,299,736,352,792,352,792,299
1236,528,4,0,2436,532,303,29,84,532,303,532,387,561,387,561,303
1237,529,1,0,9270,640,294,103,90,640,294,640,384,743,384,743,294
1243,535,1,0,3933,653,309,69,57,653,309,653,366,722,366,722,309
1245,537,1,0,2448,657,309,48,51,657,309,657,360,705,360,705,309
1249,539,1,0,2310,643,304,55,42,643,304,643,346,698,346,698,304
1256,543,1,0,5628,715,270,67,84,715,270,715,354,782,354,782,270
1266,550,2,0,2450,873,341,35,70,873,341,873,411,908,411,908,341
1285,561,2,0,29970,390,317,162,185,390,317,390,502,552,502,552,317
1288,563,2,0,4560,885,336,57,80,885,336,885,416,942,416,942,336
1290,564,4,0,10152,1226,293,54,188,1226,293,1226,481,1280,481,1280,293
1298,567,4,0,4680,365,308,45,104,365,308,365,412,410,412,410,308
1303,569,4,0,5588,296,310,44,127,296,310,296,437,340,437,340,310
1305,570,1,0,147186,838,229,442,333,838,229,838,562,1280,562,1280,229
1321,580,2,0,113632,576,340,424,268,576,340,576,608,1000,608,1000,340
1323,581,1,0,2907,694,306,51,57,694,306,694,363,745,363,745,306
1335,587,2,0,13800,1138,316,138,100,1138,316,1138,416,1276,416,1276,316
1338,588,1,0,5504,918,289,86,64,918,289,918,353,1004,353,1004,289
1343,590,2,0,110088,565,368,417,264,565,368,565,632,982,632,982,368
1348,592,1,0,3480,1216,305,60,58,1216,305,1216,363,1276,363,1276,305
1355,597,2,0,5264,871,325,56,94,871,325,871,419,927,419,927,325
1359,600,1,0,129870,890,238,390,333,890,238,890,571,1280,571,1280,238
1365,604,2,0,28959,406,304,147,197,406,304,406,501,553,501,553,304
1368,607,2,0,116901,570,332,419,279,570,332,570,611,989,611,989,332
1371,609,1,0,107163,0,248,243,441,0,248,0,689,243,689,243,248
1376,612,2,0,30880,395,313,160,193,395,313,395,506,555,506,555,313
1380,614,2,0,5824,311,362,64,91,311,362,311,453,375,453,375,362
1382,616,1,0,42504,1022,266,253,168,1022,266,1022,434,1275,434,1275,266
1383,617,1,0,74448,842,270,396,188,842,270,842,458,1238,458,1238,270
1392,623,1,0,6816,1159,304,96,71,1159,304,1159,375,1255,375,1255,304
1396,625,4,0,4120,251,318,40,103,251,318,251,421,291,421,291,318
1399,626,2,0,5244,416,350,92,57,416,350,416,407,508,407,508,350
1405,628,2,0,8075,394,340,95,85,394,340,394,425,489,425,489,340
1412,632,2,0,36108,31,379,236,153,31,379,31,532,267,532,267,379
1416,634,2,0,26352,415,317,144,183,415,317,415,500,559,500,559,317
1419,636,1,0,38908,1006,275,274,142,1006,275,1006,417,1280,417,1280,275
1422,636,2,0,17702,73,350,106,167,73,350,73,517,179,517,179,350
1425,637,1,0,5175,474,316,75,69,474,316,474,385,549,385,549,316
1427,637,2,0,2580,821,339,43,60,821,339,821,399,864,399,864,339
1448,643,1,0,4340,756,309,70,62,756,309,756,371,826,371,826,309
1450,643,1,0,9282,463,296,102,91,463,296,463,387,565,387,565,296
1459,646,1,0,1974,633,304,42,47,633,304,633,351,675,351,675,304
1468,649,1,0,18288,829,280,144,127,829,280,829,407,973,407,973,280
1469,650,1,0,64736,181,239,289,224,181,239,181,463,470,463,470,239
1471,651,1,0,109600,41,222,400,274,41,222,41,496,441,496,441,222
1485,656,1,0,18221,1088,276,137,133,1088,276,1088,409,1225,409,1225,276
1487,656,1,0,19728,632,320,137,144,632,320,632,464,769,464,769,320
1490,658,1,0,2450,607,306,49,50,607,306,607,356,656,356,656,306
1517,667,3,0,83552,0,266,373,224,0,266,0,490,373,490,373,266
1523,669,3,0,53136,0,227,164,324,0,227,0,551,164,551,164,227
1533,672,1,0,2208,769,313,48,46,769,313,769,359,817,359,817,313
1538,673,1,0,2496,773,315,52,48,773,315,773,363,825,363,825,315
1544,675,1,0,2500,605,309,50,50,605,309,605,359,655,359,655,309
1549,677,1,0,12322,1157,300,122,101,1157,300,1157,401,1279,401,1279,300
1551,677,1,0,14760,866,262,120,123,866,262,866,385,986,385,986,262
1553,678,3,0,4756,416,307,82,58,416,307,416,365,498,365,498,307
1554,679,1,0,4760,727,304,68,70,727,304,727,374,795,374,795,304
1555,679,1,0,2652,615,306,52,51,615,306,615,357,667,357,667,306
1561,681,1,0,2500,622,308,50,50,622,308,622,358,672,358,672,308
1570,684,1,0,2862,621,304,54,53,621,304,621,357,675,357,675,304
1575,685,3,0,13916,266,299,142,98,266,299,266,397,408,397,408,299
1577,686,1,0,2754,618,305,54,51,618,305,618,356,672,356,672,305
1579,686,1,0,9776,967,315,104,94,967,315,967,409,1071,409,1071,315
1596,691,1,0,89320,1000,247,280,319,1000,247,1000,566,1280,566,1280,247
1603,695,1,0,4902,785,308,86,57,785,308,785,365,871,365,871,308
1605,696,1,0,6048,796,301,84,72,796,301,796,373,880,373,880,301
1606,697,1,0,3900,588,307,65,60,588,307,588,367,653,367,653,307
1609,698,1,0,7268,816,299,92,79,816,299,816,378,908,378,908,299
1610,698,1,0,3780,590,300,60,63,590,300,590,363,650,363,650,300
1612,699,4,0,8964,366,313,54,166,366,313,366,479,420,479,420,313
1613,699,1,0,17700,439,289,177,100,439,289,439,389,616,389,616,289
1632,704,4,0,3914,611,292,38,103,611,292,611,395,649,395,649,292
1633,704,1,0,8900,715,299,100,89,715,299,715,388,815,388,815,299
1636,705,4,0,4520,1223,278,40,113,1223,278,1223,391,1263,391,1263,278
1638,706,1,0,10800,753,301,120,90,753,301,753,391,873,391,873,301
1639,706,4,0,4480,577,289,40,112,577,289,577,401,617,401,617,289
1642,707,4,0,4752,557,283,36,132,557,283,557,415,593,415,593,283
1644,708,1,0,19775,981,293,175,113,981,293,981,406,1156,406,1156,293
1655,710,1,0,11200,582,248,100,112,582,248,582,360,682,360,682,248
1657,711,1,0,71968,865,296,346,208,865,296,865,504,1211,504,1211,296
1658,711,1,0,9292,526,286,92,101,526,286,526,387,618,387,618,286
1663,712,1,0,96813,933,290,347,279,933,290,933,569,1280,569,1280,290
1667,713,1,0,76266,1057,275,223,342,1057,275,1057,617,1280,617,1280,275
1674,714,4,0,11776,379,268,64,184,379,268,379,452,443,452,443,268
1681,715,4,0,44530,327,221,122,365,327,221,327,586,449,586,449,221
1686,717,4,0,15984,254,272,74,216,254,272,254,488,328,488,328,272
1687,717,4,0,79712,300,212,212,376,300,212,300,588,512,588,512,212
1696,719,4,0,2400,619,290,32,75,619,290,619,365,651,365,651,290
1700,720,1,0,23328,429,275,144,162,429,275,429,437,573,437,573,275
1705,721,1,0,16836,611,252,138,122,611,252,611,374,749,374,749,252
1706,721,1,0,12960,774,253,120,108,774,253,774,361,894,361,894,253
1710,722,1,0,29260,402,279,190,154,402,279,402,433,592,433,592,279
1711,722,4,0,27328,564,255,112,244,564,255,564,499,676,499,676,255
1714,723,4,0,22230,594,259,95,234,594,259,594,493,689,493,689,259
1717,723,4,0,12784,0,227,68,188,0,227,0,415,68,415,68,227
1722,724,4,0,20640,608,262,96,215,608,262,608,477,704,477,704,262
1732,726,4,0,12740,0,223,70,182,0,223,0,405,70,405,70,223
1741,728,4,0,1739,908,299,37,47,908,299,908,346,945,346,945,299
1748,730,4,0,5500,1173,301,50,110,1173,301,1173,411,1223,411,1223,301
1762,732,1,0,20567,569,249,157,131,569,249,569,380,726,380,726,249
1783,738,1,0,31020,923,312,220,141,923,312,923,453,1143,453,1143,312
1791,740,1,0,41499,955,304,261,159,955,304,955,463,1216,463,1216,304
1792,740,1,0,86460,341,270,393,220,341,270,341,490,734,490,734,270
1797,741,4,0,2976,844,300,32,93,844,300,844,393,876,393,876,300
1802,742,2,0,6438,956,301,58,111,956,301,956,412,1014,412,1014,301
1806,743,1,0,57980,330,246,260,223,330,246,330,469,590,469,590,246
1807,743,2,0,1890,595,311,35,54,595,311,595,365,630,365,630,311
1810,743,2,0,5696,992,323,64,89,992,323,992,412,1056,412,1056,323
1819,744,2,0,10488,228,289,92,114,228,289,228,403,320,403,320,289
1823,746,1,0,20672,573,279,136,152,573,279,573,431,709,431,709,279
1833,751,1,0,3960,758,310,72,55,758,310,758,365,830,365,830,310
1835,752,2,0,3818,576,354,46,83,576,354,576,437,622,437,622,354
1837,753,1,0,6110,782,313,94,65,782,313,782,378,876,378,876,313
1844,758,1,0,78218,38,265,302,259,38,265,38,524,340,524,340,265
1845,759,1,0,21890,1006,323,199,110,1006,323,1006,433,1205,433,1205,323
1849,762,1,0,113832,0,217,306,372,0,217,0,589,306,589,306,217
1850,763,1,0,120416,0,215,284,424,0,215,0,639,284,639,284,215
1852,765,1,0,1598,617,317,47,34,617,317,617,351,664,351,664,317
1859,768,1,0,2592,645,308,54,48,645,308,645,356,699,356,699,308
1861,769,1,0,3276,656,313,63,52,656,313,656,365,719,365,719,313
1862,770,4,0,11310,139,305,87,130,139,305,139,435,226,435,226,305
1864,770,1,0,20358,349,308,174,117,349,308,349,425,523,425,523,308
1877,774,2,0,10692,104,371,81,132,104,371,104,503,185,503,185,371
1880,776,4,0,2187,444,346,27,81,444,346,444,427,471,427,471,346
1885,780,1,0,17680,506,315,136,130,506,315,506,445,642,445,642,315
1889,782,2,0,60900,1070,347,210,290,1070,347,1070,637,1280,637,1280,347
1892,784,1,0,4872,692,340,84,58,692,340,692,398,776,398,776,340
1894,785,2,0,15198,814,349,102,149,814,349,814,498,916,498,916,349
1897,786,1,0,19591,482,318,137,143,482,318,482,461,619,461,619,318
1907,794,1,0,13268,481,323,124,107,481,323,481,430,605,430,605,323
1908,795,1,0,13560,477,329,120,113,477,329,477,442,597,442,597,329
1909,796,4,0,5778,792,313,54,107,792,313,792,420,846,420,846,313
1916,800,1,0,11970,474,328,114,105,474,328,474,433,588,433,588,328
1921,802,3,0,4368,813,319,42,104,813,319,813,423,855,423,855,319
1925,803,1,0,2756,623,332,53,52,623,332,623,384,676,384,676,332
1930,804,4,0,7844,993,307,74,106,993,307,993,413,1067,413,1067,307
1946,809,1,0,8662,196,338,122,71,196,338,196,409,318,409,318,338
1949,812,1,0,99876,698,203,348,287,698,203,698,490,1046,490,1046,203
1951,812,1,0,13695,120,346,165,83,120,346,120,429,285,429,285,346
1957,814,1,0,11128,462,338,107,104,462,338,462,442,569,442,569,338
1963,817,1,0,9360,459,348,104,90,459,348,459,438,563,438,563,348
1979,825,1,0,3825,700,331,75,51,700,331,700,382,775,382,775,331
1980,826,1,0,5238,715,329,97,54,715,329,715,383,812,383,812,329
1986,827,1,0,6237,481,336,81,77,481,336,481,413,562,413,562,336
1988,828,4,0,8904,227,330,53,168,227,330,227,498,280,498,280,330
2021,839,4,0,58128,1107,216,173,336,1107,216,1107,552,1280,552,1280,216
2023,839,1,0,832,600,338,32,26,600,338,600,364,632,364,632,338
2026,840,1,0,3717,510,332,63,59,510,332,510,391,573,391,573,332
2029,841,1,0,3172,509,335,61,52,509,335,509,387,570,387,570,335
2032,842,1,0,2842,509,338,58,49,509,338,509,387,567,387,567,338
2044,847,4,0,2550,615,305,34,75,615,305,615,380,649,380,649,305
2045,847,1,0,2279,542,322,53,43,542,322,542,365,595,365,595,322
2056,850,4,0,3404,598,321,37,92,598,321,598,413,635,413,635,321
2058,851,1,0,3233,667,331,61,53,667,331,667,384,728,384,728,331
2060,851,4,0,2800,583,327,35,80,583,327,583,407,618,407,618,327
2064,853,1,0,4680,681,331,72,65,681,331,681,396,753,396,753,331
2084,859,1,0,22059,784,299,171,129,784,299,784,428,955,428,955,299
2087,859,1,0,19625,0,327,125,157,0,327,0,484,125,484,125,327
2095,860,1,0,13137,47,352,151,87,47,352,47,439,198,439,198,352
2097,861,1,0,62964,890,279,318,198,890,279,890,477,1208,477,1208,279
2105,863,1,0,3944,424,346,68,58,424,346,424,404,492,404,492,346
2111,866,1,0,8829,327,351,109,81,327,351,327,432,436,432,436,351
2112,867,1,0,11748,275,355,132,89,275,355,275,444,407,444,407,355
2113,868,1,0,18639,207,344,171,109,207,344,207,453,378,453,378,344
2114,869,1,0,31692,108,352,228,139,108,352,108,491,336,491,336,352
2123,875,3,0,11904,174,408,93,128,174,408,174,536,267,536,267,408
2125,877,1,0,961,594,341,31,31,594,341,594,372,625,372,625,341
2133,881,3,0,15040,30,391,160,94,30,391,30,485,190,485,190,391
2149,895,1,0,1147,624,345,37,31,624,345,624,376,661,376,661,345
2150,896,1,0,945,630,345,35,27,630,345,630,372,665,372,665,345
2157,901,1,0,1260,605,343,35,36,605,343,605,379,640,379,640,343
2158,902,1,0,3600,638,346,72,50,638,346,638,396,710,396,710,346
2159,903,1,0,4290,642,343,78,55,642,343,642,398,720,398,720,343
2162,906,1,0,7752,656,339,102,76,656,339,656,415,758,415,758,339
2163,907,1,0,10624,670,342,128,83,670,342,670,425,798,425,798,342
2166,910,1,0,55556,781,314,323,172,781,314,781,486,1104,486,1104,314
2174,916,2,0,20787,1157,336,123,169,1157,336,1157,505,1280,505,1280,336
2176,917,2,0,5916,818,358,87,68,818,358,818,426,905,426,905,358
2182,920,2,0,12700,948,343,127,100,948,343,948,443,1075,443,1075,343
2193,926,4,0,6534,835,304,66,99,835,304,835,403,901,403,901,304
2199,928,1,0,3190,631,324,55,58,631,324,631,382,686,382,686,324
2202,931,1,0,11772,670,307,108,109,670,307,670,416,778,416,778,307
2204,933,1,0,112634,729,220,398,283,729,220,729,503,1127,503,1127,220
2205,934,1,0,3172,621,339,61,52,621,339,621,391,682,391,682,339
2208,935,1,0,248056,933,35,404,614,933,35,933,649,1337,649,1337,35
2213,939,2,0,4278,829,356,46,93,829,356,829,449,875,449,875,356
2214,939,1,0,4560,440,348,80,57,440,348,440,405,520,405,520,348
2221,942,2,0,3540,721,370,59,60,721,370,721,430,780,430,780,370
2230,949,1,0,5544,647,334,84,66,647,334,647,400,731,400,731,334
2239,953,4,0,7602,1085,279,42,181,1085,279,1085,460,1127,460,1127,279
2250,960,2,0,2655,624,348,45,59,624,348,624,407,669,407,669,348
2256,965,4,0,3403,532,338,41,83,532,338,532,421,573,421,573,338
2259,966,4,0,4292,290,346,58,74,290,346,290,420,348,420,348,346
2261,966,1,0,5609,366,303,79,71,366,303,366,374,445,374,445,303
2263,967,1,0,6391,420,311,83,77,420,311,420,388,503,388,503,311
2267,968,4,0,7200,310,355,75,96,310,355,310,451,385,451,385,355
2269,968,4,0,1664,492,337,26,64,492,337,492,401,518,401,518,337
2271,969,1,0,10185,526,289,105,97,526,289,526,386,631,386,631,289
2274,970,1,0,14934,574,290,131,114,574,290,574,404,705,404,705,290
2275,970,4,0,2156,555,332,28,77,555,332,555,409,583,409,583,332
2284,973,4,0,3392,625,331,32,106,625,331,625,437,657,437,657,331
2285,974,1,0,210210,890,1,390,539,890,1,890,540,1280,540,1280,1
2290,975,4,0,12320,1069,309,88,140,1069,309,1069,449,1157,449,1157,309
2299,978,2,0,1392,650,348,29,48,650,348,650,396,679,396,679,348
2307,981,2,0,12705,928,339,105,121,928,339,928,460,1033,460,1033,339
2317,983,2,0,3332,711,351,49,68,711,351,711,419,760,419,760,351
2327,985,4,0,6570,929,302,45,146,929,302,929,448,974,448,974,302
2328,985,4,0,14400,1129,275,60,240,1129,275,1129,515,1189,515,1189,275
2329,985,4,0,14350,1179,274,70,205,1179,274,1179,479,1249,479,1249,274
2334,987,4,0,22869,800,359,121,189,800,359,800,548,921,548,921,359
2336,988,4,0,71416,949,350,226,316,949,350,949,666,1175,666,1175,350
2339,990,4,0,7992,855,307,54,148,855,307,855,455,909,455,909,307
2349,996,1,0,12635,968,322,133,95,968,322,968,417,1101,417,1101,322
2353,999,1,0,504,616,338,28,18,616,338,616,356,644,356,644,338
2359,1004,1,0,3016,634,347,58,52,634,347,634,399,692,399,692,347
2360,1005,1,0,3850,651,349,70,55,651,349,651,404,721,404,721,349
2361,1006,1,0,7954,667,335,97,82,667,335,667,417,764,417,764,335
2366,1011,1,0,1672,585,339,44,38,585,339,585,377,629,377,629,339
2369,1013,1,0,3008,607,339,64,47,607,339,607,386,671,386,671,339
2377,1018,1,0,2535,699,340,65,39,699,340,699,379,764,379,764,340
2381,1022,1,0,12236,811,343,161,76,811,343,811,419,972,419,972,343
2385,1026,1,0,2160,630,343,45,48,630,343,630,391,675,391,675,343
2409,1035,1,0,49808,949,299,283,176,949,299,949,475,1232,475,1232,299
2413,1035,2,0,45704,1083,372,197,232,1083,372,1083,604,1280,604,1280,372
2418,1036,2,0,43400,1,423,175,248,1,423,1,671,176,671,176,423
2423,1039,2,0,121584,871,242,408,298,871,242,871,540,1279,540,1279,242
2424,1040,1,0,114745,1015,248,265,433,1015,248,1015,681,1280,681,1280,248
2428,1044,1,0,106920,676,271,396,270,676,271,676,541,1072,541,1072,271
2450,1054,2,0,1911,721,360,39,49,721,360,721,409,760,409,760,360
2456,1057,2,0,22720,1138,392,142,160,1138,392,1138,552,1280,552,1280,392
2458,1058,1,0,576,526,343,32,18,526,343,526,361,558,361,558,343
2468,1068,1,0,1470,504,342,49,30,504,342,504,372,553,372,553,342
2469,1069,1,0,1716,514,343,52,33,514,343,514,376,566,376,566,343
2470,1070,1,0,1800,524,340,50,36,524,340,524,376,574,376,574,340
2471,1071,1,0,1881,526,348,57,33,526,348,526,381,583,381,583,348
2474,1074,1,0,2881,543,339,67,43,543,339,543,382,610,382,610,339
2478,1076,1,0,10530,1150,325,130,81,1150,325,1150,406,1280,406,1280,325
2482,1079,1,0,6175,582,336,95,65,582,336,582,401,677,401,677,336
2495,1086,2,0,6097,167,364,67,91,167,364,167,455,234,455,234,364
2501,1089,2,0,2010,697,359,30,67,697,359,697,426,727,426,727,359
2502,1089,2,0,7020,40,417,78,90,40,417,40,507,118,507,118,417
2503,1089,4,0,12600,65,328,72,175,65,328,65,503,137,503,137,328
2512,1093,1,0,5520,525,301,69,80,525,301,525,381,594,381,594,301
2519,1097,1,0,65009,755,230,259,251,755,230,755,481,1014,481,1014,230
2521,1098,1,0,210542,943,120,398,529,943,120,943,649,1341,649,1341,120
2530,1103,1,0,37180,880,287,286,130,880,287,880,417,1166,417,1166,287
2534,1105,2,0,7134,737,342,58,123,737,342,737,465,795,465,795,342
2535,1106,2,0,30900,898,368,150,206,898,368,898,574,1048,574,1048,368
2545,1108,4,0,2368,626,357,37,64,626,357,626,421,663,421,663,357
2547,1108,1,0,14960,918,334,187,80,918,334,918,414,1105,414,1105,334
2560,1115,1,0,10272,983,304,107,96,983,304,983,400,1090,400,1090,304
2561,1115,2,0,3948,548,376,84,47,548,376,548,423,632,423,632,376
2571,1119,4,0,29358,76,296,126,233,76,296,76,529,202,529,202,296
2575,1122,1,0,2756,575,305,52,53,575,305,575,358,627,358,627,305
2577,1123,2,0,4183,948,357,89,47,948,357,948,404,1037,404,1037,357
2578,1123,1,0,8748,926,300,108,81,926,300,926,381,1034,381,1034,300
2579,1123,2,0,5402,467,360,74,73,467,360,467,433,541,433,541,360
2580,1124,1,0,3510,588,306,54,65,588,306,588,371,642,371,642,306
2582,1126,1,0,5550,617,314,75,74,617,314,617,388,692,388,692,314
2584,1128,1,0,13108,651,299,113,116,651,299,651,415,764,415,764,299
2585,1129,1,0,24138,694,274,162,149,694,274,694,423,856,423,856,274
2587,1131,1,0,237600,898,112,440,540,898,112,898,652,1338,652,1338,112
2598,1135,2,0,1530,902,378,30,51,902,378,902,429,932,429,932,378
2602,1137,2,0,7800,1046,364,78,100,1046,364,1046,464,1124,464,1124,364
2603,1138,2,0,11445,1164,381,109,105,1164,381,1164,486,1273,486,1273,381
2607,1139,4,0,1647,587,327,27,61,587,327,587,388,614,388,614,327
2608,1139,1,0,10176,847,290,106,96,847,290,847,386,953,386,953,290
2614,1143,2,0,3960,938,373,66,60,938,373,938,433,1004,433,1004,373
2616,1144,2,0,11780,1156,357,124,95,1156,357,1156,452,1280,452,1280,357
2617,1145,2,0,10528,1127,368,112,94,1127,368,1127,462,1239,462,1239,368
2620,1146,1,0,42625,928,263,341,125,928,263,928,388,1269,388,1269,263
2621,1146,1,0,10976,826,292,112,98,826,292,826,390,938,390,938,292
2632,1154,2,0,15194,445,357,107,142,445,357,445,499,552,499,552,357
2634,1155,4,0,10388,623,306,53,196,623,306,623,502,676,502,676,306
2638,1156,4,0,25620,811,287,105,244,811,287,811,531,916,531,916,287
2640,1156,2,0,1925,329,342,35,55,329,342,329,397,364,397,364,342
2645,1159,2,0,3040,547,333,40,76,547,333,547,409,587,409,587,333
2647,1160,2,0,1617,499,335,33,49,499,335,499,384,532,384,532,335
2651,1162,4,0,4557,305,349,49,93,305,349,305,442,354,442,354,349
2652,1162,1,0,7854,842,285,77,102,842,285,842,387,919,387,919,285
2664,1167,1,0,60705,95,269,355,171,95,269,95,440,450,440,450,269
2666,1167,1,0,10602,815,292,114,93,815,292,815,385,929,385,929,292
2667,1167,4,0,5668,274,344,52,109,274,344,274,453,326,453,326,344
2670,1169,4,0,5665,269,353,55,103,269,353,269,456,324,456,324,353
2671,1169,1,0,29680,933,306,280,106,933,306,933,412,1213,412,1213,306
2674,1169,2,0,5025,263,386,67,75,263,386,263,461,330,461,330,386
2676,1171,2,0,4018,786,340,49,82,786,340,786,422,835,422,835,340
2683,1176,2,0,2088,854,356,36,58,854,356,854,414,890,414,890,356
2691,1179,2,0,3266,798,355,46,71,798,355,798,426,844,426,844,355
2699,1182,4,0,23206,1087,239,82,283,1087,239,1087,522,1169,522,1169,239
2704,1183,4,0,30774,1006,290,138,223,1006,290,1006,513,1144,513,1144,290
2719,1188,4,0,35995,13,321,115,313,13,321,13,634,128,634,128,321
2720,1188,4,0,19089,123,322,63,303,123,322,123,625,186,625,186,322
2722,1188,2,0,10062,372,371,78,129,372,371,372,500,450,500,450,371
2723,1188,1,0,8262,580,326,102,81,580,326,580,407,682,407,682,326
2732,1189,2,0,14259,332,369,97,147,332,369,332,516,429,516,429,369
2738,1190,2,0,2242,446,363,38,59,446,363,446,422,484,422,484,363
2743,1190,2,0,55384,0,369,161,344,0,369,0,713,161,713,161,369
2751,1192,2,0,36456,163,394,168,217,163,394,163,611,331,611,331,394
2753,1192,2,0,3060,414,366,45,68,414,366,414,434,459,434,459,366
2756,1192,1,0,2014,555,343,38,53,555,343,555,396,593,396,593,343
2767,1194,4,0,1170,631,345,26,45,631,345,631,390,657,390,657,345
2771,1194,4,0,1302,596,342,21,62,596,342,596,404,617,404,617,342
2780,1195,2,0,1674,430,365,31,54,430,365,430,419,461,419,461,365
2789,1196,2,0,4000,381,371,50,80,381,371,381,451,431,451,431,371
2794,1196,1,0,4290,572,338,65,66,572,338,572,404,637,404,637,338
2797,1197,4,0,2074,643,342,34,61,643,342,643,403,677,403,677,342
2817,1199,1,0,4828,580,333,71,68,580,333,580,401,651,401,651,333
2829,1203,2,0,7107,755,351,103,69,755,351,755,420,858,420,858,351
2832,1206,2,0,6600,754,367,100,66,754,367,754,433,854,433,854,367
2836,1209,2,0,10285,726,371,121,85,726,371,726,456,847,456,847,371
2856,1219,2,0,28710,907,357,165,174,907,357,907,531,1072,531,1072,357
2858,1220,2,0,21616,504,422,193,112,504,422,504,534,697,534,697,422
2860,1221,2,0,24638,481,432,194,127,481,432,481,559,675,559,675,432
2864,1223,2,0,33086,350,422,233,142,350,422,350,564,583,564,583,422
2870,1226,1,0,67728,0,343,332,204,0,343,0,547,332,547,332,343
2873,1229,2,0,4752,759,340,48,99,759,340,759,439,807,439,807,340
2879,1232,2,0,25350,825,350,169,150,825,350,825,500,994,500,994,350
2880,1233,2,0,7260,460,398,110,66,460,398,460,464,570,464,570,398
2882,1235,1,0,1292,628,343,38,34,628,343,628,377,666,377,666,343
2883,1236,1,0,1872,627,341,48,39,627,341,627,380,675,380,675,341
2886,1239,2,0,18530,271,396,170,109,271,396,271,505,441,505,441,396
2890,1242,1,0,91098,756,317,378,241,756,317,756,558,1134,558,1134,317
2897,1248,4,0,10395,953,306,55,189,953,306,953,495,1008,495,1008,306
2904,1255,1,0,8060,419,333,130,62,419,333,419,395,549,395,549,333
2908,1259,1,0,33517,183,358,277,121,183,358,183,479,460,479,460,358
2918,1264,2,0,6816,758,344,71,96,758,344,758,440,829,440,829,344
2927,1271,2,0,36120,999,358,172,210,999,358,999,568,1171,568,1171,358
2929,1273,2,0,6720,772,359,64,105,772,359,772,464,836,464,836,359
2932,1276,2,0,18512,910,378,104,178,910,378,910,556,1014,556,1014,378
2933,1276,4,0,10878,897,303,49,222,897,303,897,525,946,525,946,303
2934,1277,4,0,27324,1132,318,108,253,1132,318,1132,571,1240,571,1240,318
2945,1285,1,0,2520,532,329,63,40,532,329,532,369,595,369,595,329
2950,1286,2,0,1280,643,361,32,40,643,361,643,401,675,401,675,361
2959,1289,2,0,4806,716,354,54,89,716,354,716,443,770,443,770,354
2961,1290,2,0,9672,774,358,78,124,774,358,774,482,852,482,852,358
2967,1294,1,0,3599,562,319,61,59,562,319,562,378,623,378,623,319
2971,1298,1,0,9483,605,316,109,87,605,316,605,403,714,403,714,316
2973,1300,1,0,17835,648,313,145,123,648,313,648,436,793,436,793,313
2978,1305,1,0,175152,952,124,328,534,952,124,952,658,1280,658,1280,124
2984,1308,4,0,3737,372,356,37,101,372,356,372,457,409,457,409,356
2987,1311,2,0,2156,822,413,49,44,822,413,822,457,871,457,871,413
2988,1312,2,0,1628,810,427,44,37,810,427,810,464,854,464,854,427
2990,1314,2,0,2052,744,445,57,36,744,445,744,481,801,481,801,445
2995,1316,4,0,1566,722,420,29,54,722,420,722,474,751,474,751,420
2997,1316,2,0,1960,1176,403,49,40,1176,403,1176,443,1225,443,1225,403
3004,1318,4,0,1590,1186,374,30,53,1186,374,1186,427,1216,427,1216,374
3015,1321,2,0,3318,1087,399,79,42,1087,399,1087,441,1166,441,1166,399
3037,1332,4,0,35478,959,316,146,243,959,316,959,559,1105,559,1105,316
3039,1332,2,0,1782,510,368,33,54,510,368,510,422,543,422,543,368
3042,1334,2,0,18656,390,325,88,212,390,325,390,537,478,537,478,325
3047,1336,4,0,24768,985,323,96,258,985,323,985,581,1081,581,1081,323
3063,1348,1,0,27176,1124,320,158,172,1124,320,1124,492,1282,492,1282,320
3070,1354,2,0,29140,1092,385,188,155,1092,385,1092,540,1280,540,1280,385
3075,1356,4,0,38962,243,297,121,322,243,297,243,619,364,619,364,297
3079,1360,2,0,6600,609,349,55,120,609,349,609,469,664,469,664,349
3082,1362,1,0,7100,280,387,100,71,280,387,280,458,380,458,380,387
3089,1369,2,0,2812,558,359,37,76,558,359,558,435,595,435,595,359
3096,1373,3,0,18343,424,376,83,221,424,376,424,597,507,597,507,376
3097,1374,4,0,20448,400,343,96,213,400,343,400,556,496,556,496,343
3099,1374,3,0,20904,393,406,104,201,393,406,393,607,497,607,497,406
3100,1374,4,0,26535,968,301,87,305,968,301,968,606,1055,606,1055,301
3104,1377,1,0,3720,605,358,62,60,605,358,605,418,667,418,667,358
3114,1386,3,0,7788,506,343,66,118,506,343,506,461,572,461,572,343
3115,1387,2,0,7844,767,387,74,106,767,387,767,493,841,493,841,387
3117,1389,4,0,1770,492,367,30,59,492,367,492,426,522,426,522,367
3118,1390,4,0,2686,473,361,34,79,473,361,473,440,507,440,507,361
3128,1395,4,0,11356,241,365,68,167,241,365,241,532,309,532,309,365
3130,1396,4,0,19928,147,363,94,212,147,363,147,575,241,575,241,363
3146,1408,1,0,5810,627,357,83,70,627,357,627,427,710,427,710,357
3148,1410,1,0,15792,667,349,141,112,667,349,667,461,808,461,808,349
3149,1411,1,0,33089,704,336,203,163,704,336,704,499,907,499,907,336
3151,1413,1,0,184576,867,231,412,448,867,231,867,679,1279,679,1279,231
3153,1414,4,0,4469,734,354,41,109,734,354,734,463,775,463,775,354
3155,1415,2,0,62975,933,416,229,275,933,416,933,691,1162,691,1162,416
3162,1419,4,0,48600,862,302,180,270,862,302,862,572,1042,572,1042,302
3175,1428,4,0,13510,155,337,70,193,155,337,155,530,225,530,225,337
3180,1433,1,0,11100,668,353,111,100,668,353,668,453,779,453,779,353
3189,1439,4,0,14094,788,329,81,174,788,329,788,503,869,503,869,329
3191,1440,2,0,13172,709,392,89,148,709,392,709,540,798,540,798,392
3200,1443,4,0,3960,854,363,44,90,854,363,854,453,898,453,898,363
3206,1448,2,0,10609,965,404,103,103,965,404,965,507,1068,507,1068,404
3208,1448,4,0,3978,991,358,39,102,991,358,991,460,1030,460,1030,358
3218,1453,2,0,27531,1147,439,133,207,1147,439,1147,646,1280,646,1280,439
3220,1455,1,0,11385,1165,355,115,99,1165,355,1165,454,1280,454,1280,355
3223,1457,1,0,38318,39,367,322,119,39,367,39,486,361,486,361,367
3231,1463,2,0,4785,725,380,55,87,725,380,725,467,780,467,780,380
3233,1464,2,0,33231,1075,393,159,209,1075,393,1075,602,1234,602,1234,393
3250,1473,4,0,5080,291,419,40,127,291,419,291,546,331,546,331,419
3257,1477,3,0,38606,333,369,194,199,333,369,333,568,527,568,527,369
3266,1485,4,0,4680,829,361,36,130,829,361,829,491,865,491,865,361
3271,1488,2,0,83486,942,436,338,247,942,436,942,683,1280,683,1280,436
3274,1491,2,0,3680,857,405,46,80,857,405,857,485,903,485,903,405
3281,1497,2,0,8470,739,406,77,110,739,406,739,516,816,516,816,406
3294,1505,4,0,5704,457,375,46,124,457,375,457,499,503,499,503,375
3309,1512,3,0,8236,452,381,58,142,452,381,452,523,510,523,510,381
3313,1516,3,0,28815,264,371,113,255,264,371,264,626,377,626,377,371
3315,1518,3,0,57084,66,449,213,268,66,449,66,717,279,717,279,449
3321,1524,3,0,2294,697,398,31,74,697,398,697,472,728,472,728,398
3323,1526,3,0,5400,724,396,50,108,724,396,724,504,774,504,774,396
3325,1528,3,0,4816,758,388,43,112,758,388,758,500,801,500,801,388
3329,1531,3,0,12103,814,423,91,133,814,423,814,556,905,556,905,423
3330,1532,3,0,16100,844,427,100,161,844,427,844,588,944,588,944,427
3332,1533,4,0,19006,895,372,86,221,895,372,895,593,981,593,981,372
3334,1534,4,0,35904,947,388,136,264,947,388,947,652,1083,652,1083,388
3344,1537,4,0,7809,280,366,57,137,280,366,280,503,337,503,337,366
3348,1539,4,0,52976,1025,383,176,301,1025,383,1025,684,1201,684,1201,383
3349,1540,2,0,16932,794,374,102,166,794,374,794,540,896,540,896,374
3356,1544,2,0,6195,775,388,59,105,775,388,775,493,834,493,834,388
3359,1547,4,0,21632,304,339,104,208,304,339,304,547,408,547,408,339
3360,1547,2,0,20570,286,410,121,170,286,410,286,580,407,580,407,410
3362,1548,2,0,49392,140,445,196,252,140,445,140,697,336,697,336,445
3365,1549,4,0,12432,293,381,74,168,293,381,293,549,367,549,367,381
3373,1554,2,0,19773,336,385,117,169,336,385,336,554,453,554,453,385
3381,1560,4,0,6771,790,354,61,111,790,354,790,465,851,465,851,354
3382,1560,2,0,13272,769,384,84,158,769,384,769,542,853,542,853,384
3383,1561,2,0,13260,786,388,85,156,786,388,786,544,871,544,871,388
3385,1562,4,0,14981,794,348,71,211,794,348,794,559,865,559,865,348
3402,1571,4,0,8062,377,256,58,139,377,256,377,395,435,395,435,256
3416,1573,4,0,9152,435,443,52,176,435,443,435,619,487,619,487,443
3417,1573,3,0,23256,199,533,152,153,199,533,199,686,351,686,351,533
3421,1573,2,0,4278,779,411,69,62,779,411,779,473,848,473,848,411
3422,1574,4,0,25038,335,465,107,234,335,465,335,699,442,699,442,465
3426,1574,2,0,6640,778,421,80,83,778,421,778,504,858,504,858,421
3427,1574,3,0,25500,23,595,204,125,23,595,23,720,227,720,227,595
3434,1577,2,0,50094,179,464,198,253,179,464,179,717,377,717,377,464
3435,1578,4,0,2232,521,402,31,72,521,402,521,474,552,474,552,402
3440,1579,2,0,9797,782,372,97,101,782,372,782,473,879,473,879,372
3443,1581,4,0,4165,431,341,49,85,431,341,431,426,480,426,480,341
3451,1584,4,0,8125,206,428,65,125,206,428,206,553,271,553,271,428
3455,1586,2,0,1316,718,368,28,47,718,368,718,415,746,415,746,368
3459,1589,2,0,1044,634,404,29,36,634,404,634,440,663,440,663,404
3461,1591,2,0,43870,994,428,205,214,994,428,994,642,1199,642,1199,428
3462,1591,4,0,21335,1003,336,85,251,1003,336,1003,587,1088,587,1088,336
3463,1592,2,0,17952,0,368,88,204,0,368,0,572,88,572,88,368
3468,1593,4,0,3819,971,507,57,67,971,507,971,574,1028,574,1028,507
3476,1596,2,0,1276,586,392,29,44,586,392,586,436,615,436,615,392
3494,1609,4,0,6256,205,364,46,136,205,364,205,500,251,500,251,364
3496,1610,4,0,18483,50,356,101,183,50,356,50,539,151,539,151,356
3500,1612,2,0,2538,1078,384,47,54,1078,384,1078,438,1125,438,1125,384
3502,1612,2,0,1230,682,397,30,41,682,397,682,438,712,438,712,397
3503,1613,4,0,25585,794,369,119,215,794,369,794,584,913,584,913,369
3515,1622,2,0,27580,765,386,140,197,765,386,765,583,905,583,905,386
3517,1624,2,0,10810,653,386,94,115,653,386,653,501,747,501,747,386
3518,1625,2,0,3350,591,378,50,67,591,378,591,445,641,445,641,378
3520,1627,2,0,1470,585,379,30,49,585,379,585,428,615,428,615,379
3522,1629,2,0,836,587,378,22,38,587,378,587,416,609,416,609,378
3524,1631,4,0,1512,491,369,27,56,491,369,491,425,518,425,518,369
3526,1632,2,0,640,586,378,20,32,586,378,586,410,606,410,606,378
3528,1633,2,0,682,586,374,22,31,586,374,586,405,608,405,608,374
3529,1634,2,0,2478,453,390,42,59,453,390,453,449,495,449,495,390
3534,1636,4,0,3828,337,351,29,132,337,351,337,483,366,483,366,351
3535,1637,4,0,8823,245,339,51,173,245,339,245,512,296,512,296,339
3538,1638,2,0,22134,175,385,119,186,175,385,175,571,294,571,294,385
3541,1641,2,0,6592,930,384,64,103,930,384,930,487,994,487,994,384
3552,1650,1,0,89512,721,241,334,268,721,241,721,509,1055,509,1055,241
3555,1653,2,0,14016,1010,370,146,96,1010,370,1010,466,1156,466,1156,370
3562,1655,2,0,14762,1158,373,122,121,1158,373,1158,494,1280,494,1280,373
3567,1660,1,0,1254,600,359,33,38,600,359,600,397,633,397,633,359
3568,1661,1,0,1599,605,354,41,39,605,354,605,393,646,393,646,354
3573,1666,1,0,8550,655,343,95,90,655,343,655,433,750,433,750,343
3574,1667,1,0,21420,674,318,153,140,674,318,674,458,827,458,827,318
3583,1673,1,0,109368,644,298,372,294,644,298,644,592,1016,592,1016,298
3585,1674,2,0,1421,706,408,29,49,706,408,706,457,735,457,735,408
3590,1678,1,0,12513,734,357,129,97,734,357,734,454,863,454,863,357
3592,1679,1,0,54058,834,337,302,179,834,337,834,516,1136,516,1136,337
3600,1686,1,0,41580,722,345,231,180,722,345,722,525,953,525,953,345
3601,1687,1,0,5832,497,342,72,81,497,342,497,423,569,423,569,342
3606,1690,1,0,4416,494,353,64,69,494,353,494,422,558,422,558,353
3607,1691,2,0,6720,818,352,60,112,818,352,818,464,878,464,878,352
3613,1694,1,0,2850,490,355,50,57,490,355,490,412,540,412,540,355
3616,1697,1,0,181740,814,318,466,390,814,318,814,708,1280,708,1280,318
3623,1703,1,0,2024,503,348,46,44,503,348,503,392,549,392,549,348
3625,1704,1,0,1760,458,349,40,44,458,349,458,393,498,393,498,349
3626,1705,1,0,812,517,363,29,28,517,363,517,391,546,391,546,363
3627,1705,1,0,16065,675,317,135,119,675,317,675,436,810,436,810,317
3629,1705,1,0,990,486,360,30,33,486,360,486,393,516,393,516,360
3634,1707,1,0,1050,510,354,35,30,510,354,510,384,545,384,545,354
3636,1707,1,0,38640,741,277,230,168,741,277,741,445,971,445,971,277
3663,1724,4,0,18316,1086,323,76,241,1086,323,1086,564,1162,564,1162,323
3666,1725,4,0,1407,734,368,21,67,734,368,734,435,755,435,755,368
3672,1731,2,0,924,672,375,22,42,672,375,672,417,694,417,694,375
3673,1731,1,0,24500,731,349,175,140,731,349,731,489,906,489,906,349
3675,1732,2,0,816,692,359,17,48,692,359,692,407,709,407,709,359
3679,1734,2,0,1400,450,282,28,50,450,282,450,332,478,332,478,282
3687,1742,2,0,2772,472,353,44,63,472,353,472,416,516,416,516,353
3698,1746,4,0,4032,791,343,36,112,791,343,791,455,827,455,827,343
3702,1748,3,0,43068,1036,440,222,194,1036,440,1036,634,1258,634,1258,440
3706,1751,2,0,65250,985,422,261,250,985,422,985,672,1246,672,1246,422
3707,1752,4,0,80520,985,281,220,366,985,281,985,647,1205,647,1205,281
3711,1754,2,0,20679,697,404,113,183,697,404,697,587,810,587,810,404
3713,1755,2,0,10220,636,389,73,140,636,389,636,529,709,529,709,389
3714,1755,4,0,10780,636,328,70,154,636,328,636,482,706,482,706,328
3716,1757,2,0,4806,565,383,54,89,565,383,565,472,619,472,619,383
3718,1758,2,0,3577,566,388,49,73,566,388,566,461,615,461,615,388
3720,1758,2,0,1748,676,384,38,46,676,384,676,430,714,430,714,384
3733,1765,2,0,1196,589,366,23,52,589,366,589,418,612,418,612,366
3737,1766,4,0,8427,906,333,53,159,906,333,906,492,959,492,959,333
3738,1767,2,0,1056,593,376,22,48,593,376,593,424,615,424,615,376
3741,1769,2,0,12212,823,388,86,142,823,388,823,530,909,530,909,388
3744,1770,2,0,800,585,371,25,32,585,371,585,403,610,403,610,371
3745,1771,2,0,2332,608,365,44,53,608,365,608,418,652,418,652,365
3746,1772,2,0,4104,662,372,57,72,662,372,662,444,719,444,719,372
3747,1773,2,0,11136,782,381,87,128,782,381,782,509,869,509,869,381
3749,1774,2,0,9180,769,429,85,108,769,429,769,537,854,537,854,429
3756,1779,4,0,3800,839,350,40,95,839,350,839,445,879,445,879,350
3758,1780,4,0,23763,1138,331,89,267,1138,331,1138,598,1227,598,1227,331
3760,1781,2,0,8829,744,395,81,109,744,395,744,504,825,504,825,395
3764,1782,1,0,9085,635,326,115,79,635,326,635,405,750,405,750,326
3767,1783,2,0,6780,767,396,60,113,767,396,767,509,827,509,827,396
3772,1786,1,0,21924,686,308,203,108,686,308,686,416,889,416,889,308
3775,1787,4,0,6795,825,347,45,151,825,347,825,498,870,498,870,347
3785,1793,2,0,1617,732,376,33,49,732,376,732,425,765,425,765,376
3786,1794,2,0,2310,760,374,33,70,760,374,760,444,793,444,793,374
3790,1796,2,0,38402,1067,404,182,211,1067,404,1067,615,1249,615,1249,404
3797,1800,4,0,3102,717,383,33,94,717,383,717,477,750,477,750,383
3803,1803,3,0,38802,887,367,174,223,887,367,887,590,1061,590,1061,367
3815,1808,4,0,9296,681,283,56,166,681,283,681,449,737,449,737,283
3828,1812,2,0,16296,784,336,97,168,784,336,784,504,881,504,881,336
3829,1812,4,0,12600,805,282,70,180,805,282,805,462,875,462,875,282
3831,1813,4,0,13528,785,283,76,178,785,283,785,461,861,461,861,283
3835,1815,4,0,13260,753,287,78,170,753,287,753,457,831,457,831,287
3842,1819,4,0,14000,678,272,80,175,678,272,678,447,758,447,758,272
3844,1820,2,0,23320,628,329,110,212,628,329,628,541,738,541,738,329
3845,1820,4,0,14060,644,277,76,185,644,277,644,462,720,462,720,277
3849,1822,1,0,16303,1159,280,119,137,1159,280,1159,417,1278,417,1278,280
3856,1825,2,0,22032,586,351,108,204,586,351,586,555,694,555,694,351
3857,1825,4,0,16082,603,286,86,187,603,286,603,473,689,473,689,286
3862,1828,2,0,16728,577,398,102,164,577,398,577,562,679,562,679,398
3864,1829,2,0,1696,887,329,32,53,887,329,887,382,919,382,919,329
3870,1830,4,0,2346,931,294,34,69,931,294,931,363,965,363,965,294
3876,1832,2,0,28426,544,330,122,233,544,330,544,563,666,563,666,330
3879,1833,2,0,2652,852,314,39,68,852,314,852,382,891,382,891,314
3881,1834,2,0,5220,870,319,58,90,870,319,870,409,928,409,928,319
3888,1836,2,0,2088,871,320,36,58,871,320,871,378,907,378,907,320
3892,1839,2,0,665,792,323,19,35,792,323,792,358,811,358,811,323
3907,1845,4,0,1776,841,301,24,74,841,301,841,375,865,375,865,301
3913,1847,4,0,2352,939,301,28,84,939,301,939,385,967,385,967,301
3915,1848,4,0,3996,923,291,37,108,923,291,923,399,960,399,960,291
3916,1849,4,0,5320,977,285,40,133,977,285,977,418,1017,418,1017,285
3919,1850,1,0,10800,913,308,144,75,913,308,913,383,1057,383,1057,308
3930,1858,2,0,5253,865,313,51,103,865,313,865,416,916,416,916,313
3932,1859,4,0,9891,974,278,63,157,974,278,974,435,1037,435,1037,278
3937,1864,1,0,6000,751,300,80,75,751,300,751,375,831,375,831,300
3959,1873,2,0,3672,506,330,51,72,506,330,506,402,557,402,557,330
3964,1875,2,0,5551,552,343,61,91,552,343,552,434,613,434,613,343
3974,1877,4,0,4982,501,294,47,106,501,294,501,400,548,400,548,294
3976,1878,2,0,10640,441,332,80,133,441,332,441,465,521,465,521,332
3990,1885,4,0,4590,843,311,45,102,843,311,843,413,888,413,888,311
3992,1886,2,0,9317,913,349,77,121,913,349,913,470,990,470,990,349
4018,1908,2,0,7080,659,203,60,118,659,203,659,321,719,321,719,203
4024,1912,4,0,2400,656,292,30,80,656,292,656,372,686,372,686,292
4030,1915,2,0,5168,519,338,68,76,519,338,519,414,587,414,587,338
4035,1917,4,0,9450,456,336,75,126,456,336,456,462,531,462,531,336
4038,1918,4,0,14678,367,330,82,179,367,330,367,509,449,509,449,330
4043,1920,2,0,35862,110,391,258,139,110,391,110,530,368,530,368,391
4048,1921,4,0,7866,353,356,57,138,353,356,353,494,410,494,410,356
4051,1922,2,0,3618,855,321,54,67,855,321,855,388,909,388,909,321
4052,1922,1,0,7189,665,290,79,91,665,290,665,381,744,381,744,290
4058,1924,4,0,2967,497,343,43,69,497,343,497,412,540,412,540,343
4065,1925,2,0,11448,961,327,106,108,961,327,961,435,1067,435,1067,327
4070,1926,4,0,7987,315,306,49,163,315,306,315,469,364,469,364,306
4075,1927,4,0,12154,208,300,59,206,208,300,208,506,267,506,267,300
4077,1928,1,0,9504,657,298,99,96,657,298,657,394,756,394,756,298
4079,1928,4,0,29767,0,292,103,289,0,292,0,581,103,581,103,292
4082,1930,2,0,1890,819,332,35,54,819,332,819,386,854,386,854,332
4086,1932,2,0,7920,911,342,72,110,911,342,911,452,983,452,983,342
4089,1934,1,0,12426,678,285,109,114,678,285,678,399,787,399,787,285
4095,1940,1,0,17554,695,282,131,134,695,282,695,416,826,416,826,282
4103,1942,2,0,26549,1004,331,139,191,1004,331,1004,522,1143,522,1143,331
4107,1943,1,0,20286,678,284,138,147,678,284,678,431,816,431,816,284
4112,1945,4,0,9112,483,300,68,134,483,300,483,434,551,434,551,300
4118,1946,1,0,18189,624,279,129,141,624,279,624,420,753,420,753,279
4119,1947,4,0,37401,270,278,137,273,270,278,270,551,407,551,407,278
4124,1948,1,0,14994,603,293,119,126,603,293,603,419,722,419,722,293
4126,1950,1,0,10246,655,305,94,109,655,305,655,414,749,414,749,305
4128,1952,1,0,9120,693,302,96,95,693,302,693,397,789,397,789,302
4129,1953,1,0,9025,700,293,95,95,700,293,700,388,795,388,795,293
4143,1967,1,0,8742,669,303,94,93,669,303,669,396,763,396,763,303
4157,1981,1,0,10094,666,294,98,103,666,294,666,397,764,397,764,294
4160,1983,1,0,9588,662,293,94,102,662,293,662,395,756,395,756,293
4162,1985,1,0,9600,654,287,100,96,654,287,654,383,754,383,754,287
4180,1999,1,0,9579,668,295,93,103,668,295,668,398,761,398,761,295
4187,2005,2,0,4959,871,334,57,87,871,334,871,421,928,421,928,334
4189,2006,1,0,14274,640,284,117,122,640,284,640,406,757,406,757,284
4190,2007,1,0,15498,640,287,123,126,640,287,640,413,763,413,763,287
4193,2010,1,0,16125,633,295,125,129,633,295,633,424,758,424,758,295
4198,2015,1,0,17028,631,290,132,129,631,290,631,419,763,419,763,290
4211,2026,1,0,19176,640,273,136,141,640,273,640,414,776,414,776,273
4213,2027,1,0,12556,960,304,172,73,960,304,960,377,1132,377,1132,304
4221,2032,1,0,17689,652,287,133,133,652,287,652,420,785,420,785,287
4222,2033,1,0,18632,649,290,137,136,649,290,649,426,786,426,786,290
4229,2040,1,0,13570,662,299,115,118,662,299,662,417,777,417,777,299
4233,2044,1,0,13685,649,293,115,119,649,293,649,412,764,412,764,293
4237,2048,1,0,13915,630,290,115,121,630,290,630,411,745,411,745,290
4243,2054,1,0,12198,646,295,107,114,646,295,646,409,753,409,753,295
4248,2059,1,0,11960,631,295,115,104,631,295,631,399,746,399,746,295
4254,2065,1,0,11663,660,298,107,109,660,298,660,407,767,407,767,298
4256,2067,1,0,10388,678,294,98,106,678,294,678,400,776,400,776,294
4258,2069,1,0,10608,681,293,102,104,681,293,681,397,783,397,783,293
4259,2069,1,0,11160,210,308,155,72,210,308,210,380,365,380,365,308
4270,2078,2,0,1230,745,316,30,41,745,316,745,357,775,357,775,316
4279,2085,4,0,14626,70,369,71,206,70,369,70,575,141,575,141,369
4281,2087,1,0,9120,670,300,96,95,670,300,670,395,766,395,766,300
4305,2108,1,0,6630,662,301,78,85,662,301,662,386,740,386,740,301
4314,2114,1,0,5320,639,306,76,70,639,306,639,376,715,376,715,306
4315,2115,2,0,1650,829,344,30,55,829,344,829,399,859,399,859,344
4316,2115,1,0,5467,644,309,77,71,644,309,644,380,721,380,721,309
4318,2116,2,0,5510,864,330,58,95,864,330,864,425,922,425,922,330
4319,2117,2,0,11659,941,327,89,131,941,327,941,458,1030,458,1030,327
4321,2118,2,0,30615,1057,331,157,195,1057,331,1057,526,1214,526,1214,331
4323,2119,1,0,5112,664,295,71,72,664,295,664,367,735,367,735,295
4326,2122,2,0,9828,846,302,78,126,846,302,846,428,924,428,924,302
4338,2133,3,0,6528,849,377,68,96,849,377,849,473,917,473,917,377
4351,2142,2,0,2223,765,327,39,57,765,327,765,384,804,384,804,327
4360,2149,3,0,18616,953,303,104,179,953,303,953,482,1057,482,1057,303
4366,2154,2,0,4692,795,321,51,92,795,321,795,413,846,413,846,321
4368,2156,2,0,8125,819,306,65,125,819,306,819,431,884,431,884,306
4369,2157,2,0,11850,881,302,75,158,881,302,881,460,956,460,956,302
4377,2164,4,0,5616,466,315,48,117,466,315,466,432,514,432,514,315
4403,2186,1,0,49155,44,275,339,145,44,275,44,420,383,420,383,275
4411,2191,2,0,31328,949,360,176,178,949,360,949,538,1125,538,1125,360
4415,2194,2,0,32571,253,381,141,231,253,381,253,612,394,612,394,381
4419,2197,2,0,13056,972,324,96,136,972,324,972,460,1068,460,1068,324
4430,2205,4,0,9504,959,295,66,144,959,295,959,439,1025,439,1025,295
4445,2216,4,0,6026,940,308,46,131,940,308,940,439,986,439,986,308
4448,2217,2,0,11070,857,331,90,123,857,331,857,454,947,454,947,331
4452,2220,2,0,74168,1026,351,254,292,1026,351,1026,643,1280,643,1280,351
4453,2221,1,0,27972,96,298,259,108,96,298,96,406,355,406,355,298
4454,2222,4,0,5376,482,317,48,112,482,317,482,429,530,429,530,317
4456,2224,4,0,22200,267,328,111,200,267,328,267,528,378,528,378,328
4460,2227,2,0,1372,687,320,28,49,687,320,687,369,715,369,715,320
4461,2228,2,0,946,683,338,22,43,683,338,683,381,705,381,705,338
4462,2229,2,0,1288,677,336,28,46,677,336,677,382,705,382,705,336
4465,2231,2,0,1829,765,330,31,59,765,330,765,389,796,389,796,330
4467,2232,2,0,1890,664,329,30,63,664,329,664,392,694,392,694,329
4468,2232,2,0,4182,781,328,51,82,781,328,781,410,832,410,832,328
4473,2235,2,0,1750,679,321,35,50,679,321,679,371,714,371,714,321
4475,2236,2,0,2700,707,318,36,75,707,318,707,393,743,393,743,318
4478,2238,2,0,13837,821,342,101,137,821,342,821,479,922,479,922,342
4479,2238,4,0,8160,832,288,48,170,832,288,832,458,880,458,880,288
4491,2248,2,0,2376,679,329,36,66,679,329,679,395,715,395,715,329
4494,2251,2,0,1380,727,342,30,46,727,342,727,388,757,388,757,342
4495,2252,2,0,2345,708,327,35,67,708,327,708,394,743,394,743,327
4505,2260,2,0,9869,528,333,71,139,528,333,528,472,599,472,599,333
4508,2262,4,0,14364,422,312,84,171,422,312,422,483,506,483,506,312
4518,2268,4,0,30816,921,279,144,214,921,279,921,493,1065,493,1065,279
4519,2268,2,0,5610,830,319,55,102,830,319,830,421,885,421,885,319
4529,2274,4,0,10824,443,318,66,164,443,318,443,482,509,482,509,318
4534,2277,4,0,27966,241,401,118,237,241,401,241,638,359,638,359,401
4535,2278,4,0,24600,977,285,123,200,977,285,977,485,1100,485,1100,285
4540,2279,2,0,23370,989,334,123,190,989,334,989,524,1112,524,1112,334
4544,2282,4,0,10872,834,294,72,151,834,294,834,445,906,445,906,294
4546,2283,4,0,21800,920,279,100,218,920,279,920,497,1020,497,1020,279
4551,2285,4,0,28084,604,256,119,236,604,256,604,492,723,492,723,256
4557,2290,2,0,78795,0,365,255,309,0,365,0,674,255,674,255,365
4558,2291,4,0,44720,982,235,130,344,982,235,982,579,1112,579,1112,235
4563,2291,1,0,12480,1070,242,120,104,1070,242,1070,346,1190,346,1190,242
4567,2292,4,0,6716,128,317,46,146,128,317,128,463,174,463,174,317
4577,2295,2,0,11900,760,300,100,119,760,300,760,419,860,419,860,300
4586,2296,1,0,17284,1091,241,149,116,1091,241,1091,357,1240,357,1240,241
4588,2297,1,0,13875,738,308,111,125,738,308,738,433,849,433,849,308
4593,2299,3,0,5928,478,320,57,104,478,320,478,424,535,424,535,320
4608,2309,1,0,2162,727,302,46,47,727,302,727,349,773,349,773,302
4611,2311,3,0,7695,937,322,57,135,937,322,937,457,994,457,994,322
4613,2312,3,0,4524,528,345,52,87,528,345,528,432,580,432,580,345
4616,2313,4,0,18357,1119,282,87,211,1119,282,1119,493,1206,493,1206,282
4622,2315,2,0,7680,869,299,64,120,869,299,869,419,933,419,933,299
4624,2316,2,0,10890,838,324,90,121,838,324,838,445,928,445,928,324
4625,2316,2,0,1643,599,332,31,53,599,332,599,385,630,385,630,332
4635,2318,2,0,800,721,324,20,40,721,324,721,364,741,364,741,324
4643,2321,2,0,25350,89,345,195,130,89,345,89,475,284,475,284,345
4644,2321,2,0,6820,842,318,62,110,842,318,842,428,904,428,904,318
4652,2326,1,0,3306,633,296,57,58,633,296,633,354,690,354,690,296
4653,2327,2,0,2077,840,313,31,67,840,313,840,380,871,380,871,313
4655,2328,2,0,5500,893,304,55,100,893,304,893,404,948,404,948,304
4663,2330,4,0,10512,960,276,72,146,960,276,960,422,1032,422,1032,276
4667,2333,1,0,12100,512,302,121,100,512,302,512,402,633,402,633,302
4669,2335,1,0,27040,409,285,169,160,409,285,409,445,578,445,578,285
4670,2336,1,0,37180,322,297,220,169,322,297,322,466,542,466,542,297
4671,2337,1,0,76719,187,299,321,239,187,299,187,538,508,538,508,299
4674,2340,2,0,1708,629,324,28,61,629,324,629,385,657,385,657,324
4682,2344,2,0,2145,642,323,33,65,642,323,642,388,675,388,675,323
4686,2347,2,0,1749,645,334,33,53,645,334,645,387,678,387,678,334
4689,2348,2,0,1581,816,327,31,51,816,327,816,378,847,378,847,327
4690,2349,2,0,2814,845,335,42,67,845,335,845,402,887,402,887,335
4696,2353,4,0,9982,936,273,62,161,936,273,936,434,998,434,998,273
4698,2355,2,0,4930,843,328,58,85,843,328,843,413,901,413,901,328
4700,2357,2,0,3456,634,322,48,72,634,322,634,394,682,394,682,322
4701,2358,2,0,2992,630,322,44,68,630,322,630,390,674,390,674,322
4703,2360,2,0,3870,617,321,45,86,617,321,617,407,662,407,662,321
4705,2362,1,0,47430,1001,302,279,170,1001,302,1001,472,1280,472,1280,302
4713,2370,2,0,4704,869,281,48,98,869,281,869,379,917,379,917,281
4714,2371,2,0,9940,924,277,71,140,924,277,924,417,995,417,995,277
4719,2375,4,0,37884,0,383,132,287,0,383,0,670,132,670,132,383
4731,2383,2,0,6630,654,332,65,102,654,332,654,434,719,434,719,332
4735,2384,3,0,5913,437,363,73,81,437,363,437,444,510,444,510,363
4736,2385,4,0,5194,411,359,49,106,411,359,411,465,460,465,460,359
4742,2388,2,0,12510,902,326,90,139,902,326,902,465,992,465,992,326
4743,2389,2,0,6006,659,359,77,78,659,359,659,437,736,437,736,359
4745,2389,2,0,4300,980,311,50,86,980,311,980,397,1030,397,1030,311
4750,2391,2,0,2553,814,332,37,69,814,332,814,401,851,401,851,332
4762,2397,2,0,23370,119,374,205,114,119,374,119,488,324,488,324,374
4765,2399,2,0,7770,672,333,70,111,672,333,672,444,742,444,742,333
4766,2400,2,0,7030,656,355,74,95,656,355,656,450,730,450,730,355
4768,2401,2,0,7866,852,335,69,114,852,335,852,449,921,449,921,335
4772,2404,2,0,1568,755,324,32,49,755,324,755,373,787,373,787,324
4773,2405,2,0,1457,779,327,31,47,779,327,779,374,810,374,810,327
4774,2405,2,0,6887,1050,358,97,71,1050,358,1050,429,1147,429,1147,358
4776,2406,2,0,2013,825,326,33,61,825,326,825,387,858,387,858,326
4779,2408,2,0,12510,592,334,90,139,592,334,592,473,682,473,682,334
4782,2410,2,0,22035,531,288,113,195,531,288,531,483,644,483,644,288
4799,2425,1,0,3953,660,296,67,59,660,296,660,355,727,355,727,296
4804,2430,2,0,6272,836,326,64,98,836,326,836,424,900,424,900,326
4812,2435,4,0,41448,256,282,157,264,256,282,256,546,413,546,413,282
4814,2436,2,0,72285,83,364,237,305,83,364,83,669,320,669,320,364
4819,2441,2,0,13872,364,318,136,102,364,318,364,420,500,420,500,318
4820,2442,2,0,24318,248,324,193,126,248,324,248,450,441,450,441,324
4824,2445,1,0,9701,1031,290,109,89,1031,290,1031,379,1140,379,1140,290
4826,2446,1,0,17792,1140,268,139,128,1140,268,1140,396,1279,396,1279,268
4829,2449,2,0,3108,811,322,37,84,811,322,811,406,848,406,848,322
4835,2453,1,0,11270,322,308,161,70,322,308,322,378,483,378,483,308
4836,2454,1,0,77452,961,218,289,268,961,218,961,486,1250,486,1250,218
4837,2454,1,0,12802,276,309,173,74,276,309,276,383,449,383,449,309
4838,2455,1,0,66200,1080,246,200,331,1080,246,1080,577,1280,577,1280,246
4840,2456,1,0,26160,101,293,218,120,101,293,101,413,319,413,319,293
4843,2459,2,0,8023,836,312,71,113,836,312,836,425,907,425,907,312
4848,2462,4,0,8255,200,297,65,127,200,297,200,424,265,424,265,297
4855,2465,4,0,6705,992,282,45,149,992,282,992,431,1037,431,1037,282
4870,2470,1,0,1638,619,329,42,39,619,329,619,368,661,368,661,329
4872,2470,2,0,693,696,339,21,33,696,339,696,372,717,372,717,339
4885,2473,2,0,38190,1058,330,190,201,1058,330,1058,531,1248,531,1248,330
4889,2474,1,0,29502,882,278,198,149,882,278,882,427,1080,427,1080,278
4895,2477,1,0,20538,859,277,163,126,859,277,859,403,1022,403,1022,277
4898,2479,2,0,1296,502,368,27,48,502,368,502,416,529,416,529,368
4899,2479,1,0,6084,591,306,78,78,591,306,591,384,669,384,669,306
4900,2479,2,0,1196,805,336,26,46,805,336,805,382,831,382,831,336
4911,2481,2,0,2091,697,333,41,51,697,333,697,384,738,384,738,333
4912,2481,2,0,3796,864,342,52,73,864,342,864,415,916,415,916,342
4917,2482,4,0,6540,722,288,60,109,722,288,722,397,782,397,782,288
4919,2484,1,0,8008,706,319,91,88,706,319,706,407,797,407,797,319
4924,2484,3,0,13843,1153,318,127,109,1153,318,1153,427,1280,427,1280,318
4931,2486,1,0,1702,808,311,46,37,808,311,808,348,854,348,854,311
4932,2486,4,0,5985,657,300,45,133,657,300,657,433,702,433,702,300
4934,2487,1,0,1155,823,311,35,33,823,311,823,344,858,344,858,311
4939,2490,1,0,1230,839,308,41,30,839,308,839,338,880,338,880,308
4941,2491,1,0,1134,847,317,42,27,847,317,847,344,889,344,889,317
4944,2493,4,0,38760,1098,271,152,255,1098,271,1098,526,1250,526,1250,271
4960,2495,4,0,37632,992,239,147,256,992,239,992,495,1139,495,1139,239
4970,2497,2,0,19140,814,326,116,165,814,326,814,491,930,491,930,326
4971,2498,2,0,11696,857,330,86,136,857,330,857,466,943,466,943,330
4973,2498,4,0,5474,868,284,46,119,868,284,868,403,914,403,914,284
4995,2512,1,0,118374,953,210,327,362,953,210,953,572,1280,572,1280,210
4997,2514,2,0,2146,598,339,37,58,598,339,598,397,635,397,635,339
5009,2518,1,0,5727,645,326,83,69,645,326,645,395,728,395,728,326
5023,2525,2,0,4872,624,318,58,84,624,318,624,402,682,402,682,318
5031,2528,1,0,6992,639,323,92,76,639,323,639,399,731,399,731,323
5037,2534,1,0,6424,657,319,88,73,657,319,657,392,745,392,745,319
5038,2535,1,0,6603,655,325,93,71,655,325,655,396,748,396,748,325
5045,2538,2,0,1260,831,329,30,42,831,329,831,371,861,371,861,329
5052,2542,1,0,6300,659,320,84,75,659,320,659,395,743,395,743,320
5054,2544,1,0,5712,662,328,84,68,662,328,662,396,746,396,746,328
5060,2548,2,0,3570,867,309,42,85,867,309,867,394,909,394,909,309
5071,2558,1,0,5624,701,313,76,74,701,313,701,387,777,387,777,313
5079,2561,1,0,5810,611,322,83,70,611,322,611,392,694,392,694,322
5080,2562,1,0,5658,616,322,82,69,616,322,616,391,698,391,698,322
5082,2564,1,0,5727,630,325,83,69,630,325,630,394,713,394,713,325
5087,2569,1,0,5986,696,315,82,73,696,315,696,388,778,388,778,315
5088,2569,2,0,3060,684,322,36,85,684,322,684,407,720,407,720,322
5089,2569,2,0,5335,600,334,55,97,600,334,600,431,655,431,655,334
5097,2574,1,0,5214,682,315,79,66,682,315,682,381,761,381,761,315
5100,2575,2,0,2052,905,327,36,57,905,327,905,384,941,384,941,327
5101,2576,1,0,5166,688,311,82,63,688,311,688,374,770,374,770,311
5103,2576,2,0,4959,997,320,57,87,997,320,997,407,1054,407,1054,320
5105,2577,2,0,26296,1106,318,152,173,1106,318,1106,491,1258,491,1258,318
5118,2582,2,0,6527,1034,306,61,107,1034,306,1034,413,1095,413,1095,306
5121,2585,1,0,5025,708,315,75,67,708,315,708,382,783,382,783,315
5122,2586,1,0,4692,715,311,69,68,715,311,715,379,784,379,784,311
5123,2587,1,0,4745,711,314,73,65,711,314,711,379,784,379,784,314
5129,2590,2,0,1140,627,343,30,38,627,343,627,381,657,381,657,343
5134,2591,2,0,12444,543,328,102,122,543,328,543,450,645,450,645,328
5154,2600,4,0,11560,341,331,85,136,341,331,341,467,426,467,426,331
5158,2602,2,0,33755,9,404,157,215,9,404,9,619,166,619,166,404
5167,2604,1,0,3224,629,332,62,52,629,332,629,384,691,384,691,332
5169,2606,1,0,3050,638,332,61,50,638,332,638,382,699,382,699,332
5174,2611,1,0,4380,683,315,73,60,683,315,683,375,756,375,756,315
5176,2613,2,0,861,801,327,21,41,801,327,801,368,822,368,822,327
5178,2613,2,0,2392,858,325,52,46,858,325,858,371,910,371,910,325
5180,2613,1,0,13038,643,311,123,106,643,311,643,417,766,417,766,311
5183,2613,4,0,6096,634,309,48,127,634,309,634,436,682,436,682,309
5188,2617,1,0,4200,657,324,75,56,657,324,657,380,732,380,732,324
5189,2617,2,0,4900,929,310,50,98,929,310,929,408,979,408,979,310
5193,2619,1,0,4745,645,307,73,65,645,307,645,372,718,372,718,307
5196,2620,1,0,4672,644,306,73,64,644,306,644,370,717,370,717,306
5197,2621,1,0,4260,646,323,71,60,646,323,646,383,717,383,717,323
5200,2623,1,0,4455,648,330,81,55,648,330,648,385,729,385,729,330
5221,2631,1,0,5780,658,321,85,68,658,321,658,389,743,389,743,321
5222,2632,1,0,5292,655,314,84,63,655,314,655,377,739,377,739,314
5231,2637,1,0,5670,635,317,81,70,635,317,635,387,716,387,716,317
5233,2639,1,0,6552,621,315,91,72,621,315,621,387,712,387,712,315
5236,2642,1,0,6460,618,322,85,76,618,322,618,398,703,398,703,322
5238,2643,1,0,6450,610,322,86,75,610,322,610,397,696,397,696,322
5241,2645,1,0,7680,598,313,96,80,598,313,598,393,694,393,694,313
5242,2646,1,0,6708,599,316,86,78,599,316,599,394,685,394,685,316
5243,2647,2,0,903,825,331,21,43,825,331,825,374,846,374,846,331
5246,2647,2,0,11544,582,343,74,156,582,343,582,499,656,499,656,343
5247,2647,1,0,21879,617,299,153,143,617,299,617,442,770,442,770,299
5258,2653,2,0,1568,750,318,28,56,750,318,750,374,778,374,778,318
5261,2654,1,0,7650,573,323,90,85,573,323,573,408,663,408,663,323
5265,2656,2,0,16790,961,296,115,146,961,296,961,442,1076,442,1076,296
5269,2658,2,0,4212,920,332,52,81,920,332,920,413,972,413,972,332
5279,2667,1,0,7776,583,317,96,81,583,317,583,398,679,398,679,317
5280,2668,1,0,7480,589,319,88,85,589,319,589,404,677,404,677,319
5285,2669,4,0,3969,972,304,49,81,972,304,972,385,1021,385,1021,304
5290,2671,1,0,8190,586,323,90,91,586,323,586,414,676,414,676,323
5294,2675,1,0,9384,575,320,102,92,575,320,575,412,677,412,677,320
5295,2676,1,0,9078,579,316,102,89,579,316,579,405,681,405,681,316
5296,2677,1,0,9270,587,323,103,90,587,323,587,413,690,413,690,323
5298,2679,1,0,8624,606,314,98,88,606,314,606,402,704,402,704,314
5301,2680,2,0,2788,894,330,41,68,894,330,894,398,935,398,935,330
5302,2680,2,0,12900,1061,343,100,129,1061,343,1061,472,1161,472,1161,343
5303,2680,2,0,29890,532,334,122,245,532,334,532,579,654,579,654,334
5309,2685,2,0,1350,831,325,27,50,831,325,831,375,858,375,858,325
5320,2691,4,0,38340,512,256,135,284,512,256,512,540,647,540,647,256
5321,2691,2,0,37728,521,349,144,262,521,349,521,611,665,611,665,349
5326,2694,1,0,6853,616,319,89,77,616,319,616,396,705,396,705,319
5327,2694,2,0,1161,753,329,27,43,753,329,753,372,780,372,780,329
5336,2698,2,0,1870,790,323,34,55,790,323,790,378,824,378,824,323
5341,2700,1,0,7656,598,325,87,88,598,325,598,413,685,413,685,325
5345,2702,4,0,64255,484,261,181,355,484,261,484,616,665,616,665,261
5346,2702,2,0,7881,973,330,71,111,973,330,973,441,1044,441,1044,330
5360,2713,4,0,66230,480,240,179,370,480,240,480,610,659,610,659,240
5370,2716,1,0,5568,632,321,87,64,632,321,632,385,719,385,719,321
5372,2717,1,0,32732,402,241,196,167,402,241,402,408,598,408,598,241
5381,2721,1,0,277182,0,34,531,522,0,34,0,556,531,556,531,34
5397,2726,1,0,4774,456,327,77,62,456,327,456,389,533,389,533,327
5410,2731,1,0,25452,352,329,202,126,352,329,352,455,554,455,554,329
5413,2733,1,0,97644,77,299,412,237,77,299,77,536,489,536,489,299
5414,2733,1,0,5610,695,313,85,66,695,313,695,379,780,379,780,313
5415,2734,1,0,169735,3,273,409,415,3,273,3,688,412,688,412,273
5433,2739,1,0,5561,671,316,83,67,671,316,671,383,754,383,754,316
5438,2742,1,0,5360,645,326,80,67,645,326,645,393,725,393,725,326
5439,2743,2,0,7777,1000,336,77,101,1000,336,1000,437,1077,437,1077,336
5441,2744,1,0,6192,623,316,86,72,623,316,623,388,709,388,709,316
5445,2747,1,0,45715,614,291,223,205,614,291,614,496,837,496,837,291
5446,2747,2,0,2470,836,329,38,65,836,329,836,394,874,394,874,329
5453,2753,1,0,5904,631,328,82,72,631,328,631,400,713,400,713,328
5458,2758,1,0,50076,611,287,234,214,611,287,611,501,845,501,845,287
5465,2760,1,0,5494,653,319,82,67,653,319,653,386,735,386,735,319
5467,2762,1,0,6048,656,315,84,72,656,315,656,387,740,387,740,315
5471,2766,1,0,5964,661,314,84,71,661,314,661,385,745,385,745,314
5472,2767,1,0,5120,665,328,80,64,665,328,665,392,745,392,745,328
5480,2771,1,0,6688,667,313,88,76,667,313,667,389,755,389,755,313
5496,2783,1,0,8118,633,326,99,82,633,326,633,408,732,408,732,326
5505,2791,1,0,37961,624,296,203,187,624,296,624,483,827,483,827,296
5508,2791,2,0,33720,529,352,120,281,529,352,529,633,649,633,649,352
5513,2795,1,0,20511,493,315,159,129,493,315,493,444,652,444,652,315
5515,2797,1,0,29640,385,328,190,156,385,328,385,484,575,484,575,328
5516,2798,1,0,36849,305,330,213,173,305,330,305,503,518,503,518,330
5517,2798,2,0,1769,782,331,29,61,782,331,782,392,811,392,811,331
5522,2800,2,0,41638,981,310,218,191,981,310,981,501,1199,501,1199,310
5531,2804,2,0,26928,1112,290,153,176,1112,290,1112,466,1265,466,1265,290
5532,2805,2,0,4628,897,334,89,52,897,334,897,386,986,386,986,334
5536,2805,4,0,38610,560,273,135,286,560,273,560,559,695,559,695,273
5548,2813,1,0,26720,648,303,167,160,648,303,648,463,815,463,815,303
5549,2813,4,0,10314,1048,276,54,191,1048,276,1048,467,1102,467,1102,276
5559,2818,2,0,2130,937,305,30,71,937,305,937,376,967,376,967,305
5560,2818,1,0,33634,57,305,251,134,57,305,57,439,308,439,308,305
5562,2819,2,0,3200,1003,314,40,80,1003,314,1003,394,1043,394,1043,314
5563,2820,2,0,7656,1095,326,88,87,1095,326,1095,413,1183,413,1183,326
5564,2821,2,0,2574,834,314,39,66,834,314,834,380,873,380,873,314
5565,2822,4,0,106314,31,290,282,377,31,290,31,667,313,667,313,290
5566,2822,2,0,35828,1100,321,169,212,1100,321,1100,533,1269,533,1269,321
5571,2822,2,0,27324,585,353,132,207,585,353,585,560,717,560,717,353
5573,2823,2,0,3388,920,328,44,77,920,328,920,405,964,405,964,328
5574,2824,2,0,31536,1136,289,144,219,1136,289,1136,508,1280,508,1280,289
5584,2828,2,0,3066,711,330,73,42,711,330,711,372,784,372,784,330
5586,2829,2,0,4029,793,326,79,51,793,326,793,377,872,377,872,326
5591,2831,2,0,4802,650,342,98,49,650,342,650,391,748,391,748,342
5592,2831,2,0,12540,996,316,132,95,996,316,996,411,1128,411,1128,316
5593,2831,1,0,2601,614,317,51,51,614,317,614,368,665,368,665,317
5601,2833,2,0,3431,571,343,47,73,571,343,571,416,618,416,618,343
5610,2834,2,0,71205,52,480,303,235,52,480,52,715,355,715,355,480
5618,2836,4,0,4968,183,362,46,108,183,362,183,470,229,470,229,362
5620,2837,2,0,9360,172,395,117,80,172,395,172,475,289,475,289,395
5632,2843,1,0,6675,925,291,89,75,925,291,925,366,1014,366,1014,291
5637,2844,2,0,28080,63,396,180,156,63,396,63,552,243,552,243,396
5645,2846,2,0,31590,204,386,195,162,204,386,204,548,399,548,399,386
5654,2850,1,0,1665,110,317,45,37,110,317,110,354,155,354,155,317
5655,2851,1,0,1739,222,292,47,37,222,292,222,329,269,329,269,292
5657,2853,4,0,94686,207,294,258,367,207,294,207,661,465,661,465,294
5658,2853,2,0,18304,608,334,104,176,608,334,608,510,712,510,712,334
5660,2853,2,0,3500,995,330,70,50,995,330,995,380,1065,380,1065,330
5661,2853,1,0,20022,647,305,142,141,647,305,647,446,789,446,789,305
5664,2853,2,0,6232,1144,335,82,76,1144,335,1144,411,1226,411,1226,335
5673,2857,1,0,1978,652,292,43,46,652,292,652,338,695,338,695,292
5677,2859,2,0,63196,269,410,259,244,269,410,269,654,528,654,528,410
5684,2860,2,0,9632,910,308,86,112,910,308,910,420,996,420,996,308
5691,2864,1,0,1845,595,322,45,41,595,322,595,363,640,363,640,322
5694,2866,4,0,55084,351,296,188,293,351,296,351,589,539,589,539,296
5705,2872,1,0,5082,512,331,77,66,512,331,512,397,589,397,589,331
5710,2877,4,0,45760,416,290,160,286,416,290,416,576,576,576,576,290
5712,2877,1,0,17955,636,302,135,133,636,302,636,435,771,435,771,302
5714,2877,2,0,5760,1001,333,96,60,1001,333,1001,393,1097,393,1097,333
5717,2879,1,0,28985,342,316,187,155,342,316,342,471,529,471,529,316
5721,2883,2,0,37240,452,400,190,196,452,400,452,596,642,596,642,400
5727,2883,2,0,11120,667,342,80,139,667,342,667,481,747,481,747,342
5738,2887,4,0,38500,503,296,154,250,503,296,503,546,657,546,657,296
5741,2887,2,0,5141,965,341,97,53,965,341,965,394,1062,394,1062,341
5742,2887,2,0,5125,445,342,41,125,445,342,445,467,486,467,486,342
5743,2887,2,0,1560,803,322,30,52,803,322,803,374,833,374,833,322
5757,2890,2,0,3600,789,338,50,72,789,338,789,410,839,410,839,338
5758,2891,2,0,11921,889,337,91,131,889,337,889,468,980,468,980,337
5759,2892,4,0,79608,293,266,214,372,293,266,293,638,507,638,507,266
5768,2892,2,0,7315,1089,329,95,77,1089,329,1089,406,1184,406,1184,329
5771,2893,2,0,6649,1038,335,109,61,1038,335,1038,396,1147,396,1147,335
5772,2893,1,0,3658,741,322,59,62,741,322,741,384,800,384,800,322
5782,2895,4,0,41978,440,281,151,278,440,281,440,559,591,559,591,281
5783,2895,2,0,1749,834,330,33,53,834,330,834,383,867,383,867,330
5789,2896,2,0,2074,801,330,34,61,801,330,801,391,835,391,835,330
5790,2897,2,0,7150,860,321,65,110,860,321,860,431,925,431,925,321
5797,2898,4,0,21437,644,291,97,221,644,291,644,512,741,512,741,291
5798,2898,2,0,4998,431,360,49,102,431,360,431,462,480,462,480,360
5800,2899,3,0,7224,359,379,86,84,359,379,359,463,445,463,445,379
5804,2901,2,0,5785,941,335,89,65,941,335,941,400,1030,400,1030,335
5807,2901,2,0,8760,1017,330,120,73,1017,330,1017,403,1137,403,1137,330
5812,2902,4,0,28329,553,275,133,213,553,275,553,488,686,488,686,275
5818,2902,2,0,12540,1138,317,132,95,1138,317,1138,412,1270,412,1270,317
5819,2902,2,0,3400,858,321,50,68,858,321,858,389,908,389,908,321
5822,2902,2,0,18304,690,342,104,176,690,342,690,518,794,518,794,342
5831,2908,1,0,27470,832,300,205,134,832,300,832,434,1037,434,1037,300
5834,2910,4,0,33528,587,266,127,264,587,266,587,530,714,530,714,266
5837,2910,2,0,10160,1024,328,127,80,1024,328,1024,408,1151,408,1151,328
5849,2911,2,0,8235,343,364,61,135,343,364,343,499,404,499,404,364
5854,2911,2,0,8888,978,325,101,88,978,325,978,413,1079,413,1079,325
5857,2912,2,0,4345,467,347,79,55,467,347,467,402,546,402,546,347
5865,2912,2,0,12672,1057,320,132,96,1057,320,1057,416,1189,416,1189,320
5879,2914,2,0,33180,689,424,158,210,689,424,689,634,847,634,847,424
5882,2914,2,0,4340,509,346,70,62,509,346,509,408,579,408,579,346
5885,2914,2,0,64964,238,386,218,298,238,386,238,684,456,684,456,386
5901,2919,2,0,44874,825,354,162,277,825,354,825,631,987,631,987,354
5903,2919,4,0,4232,692,300,46,92,692,300,692,392,738,392,738,300
5908,2921,4,0,36792,901,249,146,252,901,249,901,501,1047,501,1047,249
5913,2921,2,0,50445,880,331,171,295,880,331,880,626,1051,626,1051,331
5926,2922,4,0,20400,496,301,100,204,496,301,496,505,596,505,596,301
5936,2923,2,0,34565,1028,388,155,223,1028,388,1028,611,1183,611,1183,388
5945,2923,2,0,4704,858,320,49,96,858,320,858,416,907,416,907,320
5949,2924,1,0,6612,790,312,87,76,790,312,790,388,877,388,877,312
5950,2924,2,0,34749,1124,371,143,243,1124,371,1124,614,1267,614,1267,371
5966,2925,1,0,9135,667,310,105,87,667,310,667,397,772,397,772,310
5968,2926,4,0,122715,123,254,303,405,123,254,123,659,426,659,426,254
5974,2926,2,0,4794,977,324,47,102,977,324,977,426,1024,426,1024,324
5976,2926,4,0,5184,936,273,48,108,936,273,936,381,984,381,984,273
5977,2926,2,0,15000,590,353,100,150,590,353,590,503,690,503,690,353
5978,2926,1,0,8415,678,309,99,85,678,309,678,394,777,394,777,309
5980,2926,2,0,22194,68,415,81,274,68,415,68,689,149,689,149,415
5983,2927,2,0,12328,1146,343,134,92,1146,343,1146,435,1280,435,1280,343
5984,2927,1,0,10591,812,315,119,89,812,315,812,404,931,404,931,315
5985,2927,2,0,17819,959,311,103,173,959,311,959,484,1062,484,1062,311
5988,2927,2,0,82688,265,370,256,323,265,370,265,693,521,693,521,370
5994,2928,1,0,5829,842,320,87,67,842,320,842,387,929,387,929,320
5996,2928,2,0,4960,541,347,62,80,541,347,541,427,603,427,603,347
6000,2928,2,0,12852,1080,339,153,84,1080,339,1080,423,1233,423,1233,339
6002,2929,4,0,4455,713,301,45,99,713,301,713,400,758,400,758,301
6008,2929,2,0,28564,1025,344,148,193,1025,344,1025,537,1173,537,1173,344
6013,2929,4,0,7952,1157,276,71,112,1157,276,1157,388,1228,388,1228,276
6014,2930,4,0,52510,416,271,178,295,416,271,416,566,594,566,594,271
6019,2930,2,0,31244,441,416,146,214,441,416,441,630,587,630,587,416
6028,2931,4,0,1770,734,308,30,59,734,308,734,367,764,367,764,308
6033,2931,2,0,23058,486,400,122,189,486,400,486,589,608,589,608,400
6044,2932,2,0,13780,112,384,130,106,112,384,112,490,242,490,242,384
6045,2932,2,0,6270,674,368,66,95,674,368,674,463,740,463,740,368
6046,2932,2,0,19665,520,396,115,171,520,396,520,567,635,567,635,396
6054,2933,2,0,14280,89,392,136,105,89,392,89,497,225,497,225,392
6072,2935,2,0,5016,830,338,57,88,830,338,830,426,887,426,887,338
6076,2935,4,0,12768,63,333,76,168,63,333,63,501,139,501,139,333
6080,2936,2,0,5376,969,316,56,96,969,316,969,412,1025,412,1025,316
6089,2937,2,0,4005,756,337,45,89,756,337,756,426,801,426,801,337
6103,2939,2,0,1848,721,341,33,56,721,341,721,397,754,397,754,341
6106,2940,2,0,1196,618,346,23,52,618,346,618,398,641,398,641,346
6122,2944,2,0,9968,1061,328,112,89,1061,328,1061,417,1173,417,1173,328
6123,2944,2,0,23250,365,357,125,186,365,357,365,543,490,543,490,357
6129,2947,1,0,30480,27,322,240,127,27,322,27,449,267,449,267,322
6133,2950,2,0,3160,672,338,40,79,672,338,672,417,712,417,712,338
6135,2952,2,0,2562,667,360,42,61,667,360,667,421,709,421,709,360
6144,2953,2,0,4640,518,346,58,80,518,346,518,426,576,426,576,346
6148,2953,1,0,6586,658,317,89,74,658,317,658,391,747,391,747,317
6171,2960,1,0,9170,904,297,131,70,904,297,904,367,1035,367,1035,297
6172,2960,2,0,1078,705,343,22,49,705,343,705,392,727,392,727,343
6175,2961,2,0,38766,1031,329,182,213,1031,329,1031,542,1213,542,1213,329
6176,2961,2,0,4988,710,322,58,86,710,322,710,408,768,408,768,322
6180,2962,2,0,4292,683,332,58,74,683,332,683,406,741,406,741,332
6184,2963,2,0,20280,207,394,120,169,207,394,207,563,327,563,327,394
6188,2963,2,0,3082,502,366,46,67,502,366,502,433,548,433,548,366
6202,2966,2,0,41567,1037,369,197,211,1037,369,1037,580,1234,580,1234,369
6203,2966,2,0,6930,687,315,70,99,687,315,687,414,757,414,757,315
6204,2966,2,0,5940,936,342,60,99,936,342,936,441,996,441,996,342
6206,2966,4,0,25700,1075,266,100,257,1075,266,1075,523,1175,523,1175,266
6209,2966,2,0,8260,419,355,70,118,419,355,419,473,489,473,489,355
6218,2970,1,0,6603,749,321,93,71,749,321,749,392,842,392,842,321
6222,2970,2,0,47425,0,382,175,271,0,382,0,653,175,653,175,382
6227,2972,1,0,16016,855,307,143,112,855,307,855,419,998,419,998,307
6228,2972,1,0,12876,484,315,116,111,484,315,484,426,600,426,600,315
6231,2973,1,0,34176,823,276,192,178,823,276,823,454,1015,454,1015,276
6234,2973,2,0,29746,255,380,214,139,255,380,255,519,469,519,469,380
6237,2974,1,0,46330,845,278,226,205,845,278,845,483,1071,483,1071,278
6238,2974,4,0,7440,728,301,60,124,728,301,728,425,788,425,788,301
6240,2974,2,0,37464,231,381,223,168,231,381,231,549,454,549,454,381
6244,2975,2,0,9159,748,291,71,129,748,291,748,420,819,420,819,291
6256,2977,4,0,5488,838,266,49,112,838,266,838,378,887,378,887,266
6271,2980,4,0,4590,535,298,45,102,535,298,535,400,580,400,580,298
6274,2981,2,0,7089,1020,305,51,139,1020,305,1020,444,1071,444,1071,305
6275,2981,2,0,2790,884,339,45,62,884,339,884,401,929,401,929,339
6276,2982,1,0,39220,312,292,212,185,312,292,312,477,524,477,524,292
6278,2982,2,0,4560,919,343,57,80,919,343,919,423,976,423,976,343
6286,2983,2,0,2944,684,324,46,64,684,324,684,388,730,388,730,324
6287,2983,2,0,558,832,330,18,31,832,330,832,361,850,361,850,330
6288,2983,2,0,500,783,335,20,25,783,335,783,360,803,360,803,335
6292,2984,1,0,27738,889,291,201,138,889,291,889,429,1090,429,1090,291
6304,2987,2,0,15958,576,378,101,158,576,378,576,536,677,536,677,378
6307,2989,1,0,17292,496,301,131,132,496,301,496,433,627,433,627,301
6318,2997,2,0,8910,735,355,81,110,735,355,735,465,816,465,816,355
6326,2999,4,0,13528,967,230,76,178,967,230,967,408,1043,408,1043,230
6339,3003,2,0,22116,762,282,114,194,762,282,762,476,876,476,876,282
6341,3005,4,0,16830,800,203,85,198,800,203,800,401,885,401,885,203
6346,3007,2,0,22002,1252,346,114,193,1252,346,1252,539,1366,539,1366,346
6348,3008,2,0,76725,537,320,225,341,537,320,537,661,762,661,762,320
6349,3008,4,0,86000,552,156,215,400,552,156,552,556,767,556,767,156
6358,3011,3,0,87600,454,202,292,300,454,202,454,502,746,502,746,202
6361,3014,3,0,378416,0,70,536,706,0,70,0,776,536,776,536,70
6362,3015,2,0,5995,1210,297,55,109,1210,297,1210,406,1265,406,1265,297
6364,3017,2,0,206108,1405,371,433,476,1405,371,1405,847,1838,847,1838,371
6378,3022,2,0,7102,1118,312,67,106,1118,312,1118,418,1185,418,1185,312
6383,3026,2,0,105559,1574,261,283,373,1574,261,1574,634,1857,634,1857,261
6387,3029,2,0,54912,1563,259,192,286,1563,259,1563,545,1755,545,1755,259
6401,3034,4,0,15678,1516,281,78,201,1516,281,1516,482,1594,482,1594,281
6407,3037,2,0,10400,495,135,80,130,495,135,495,265,575,265,575,135
6414,3042,3,0,9246,880,297,67,138,880,297,880,435,947,435,947,297
6417,3045,3,0,16461,996,320,93,177,996,320,996,497,1089,497,1089,320
6420,3047,2,0,38220,1191,361,156,245,1191,361,1191,606,1347,606,1347,361
6437,3055,1,0,36456,1054,254,186,196,1054,254,1054,450,1240,450,1240,254
6452,3064,3,0,38916,522,313,207,188,522,313,522,501,729,501,729,313
6454,3064,4,0,5500,1064,291,44,125,1064,291,1064,416,1108,416,1108,291
6455,3064,4,0,4572,1011,281,36,127,1011,281,1011,408,1047,408,1047,281
6472,3070,1,0,58784,476,226,334,176,476,226,476,402,810,402,810,226
6476,3072,1,0,296296,0,0,616,481,0,0,0,481,616,481,616,0
6477,3073,1,0,12840,1245,466,120,107,1245,466,1245,573,1365,573,1365,466
6478,3074,1,0,15561,1456,515,133,117,1456,515,1456,632,1589,632,1589,515
6489,3082,2,0,8092,970,297,68,119,970,297,970,416,1038,416,1038,297
6490,3083,4,0,233211,1172,100,407,573,1172,100,1172,673,1579,673,1579,100
6496,3087,4,0,82820,1085,132,202,410,1085,132,1085,542,1287,542,1287,132
6497,3087,2,0,3916,943,312,44,89,943,312,943,401,987,401,987,312
6502,3092,1,0,70692,579,150,258,274,579,150,579,424,837,424,837,150
6505,3095,1,0,387276,58,0,708,547,58,0,58,547,766,547,766,0
6507,3097,1,0,419804,0,0,517,812,0,0,0,812,517,812,517,0
6509,3099,4,0,38493,946,173,117,329,946,173,946,502,1063,502,1063,173
6515,3103,4,0,22654,925,194,94,241,925,194,925,435,1019,435,1019,194
6518,3106,1,0,7380,1051,738,90,82,1051,738,1051,820,1141,820,1141,738
6519,3107,1,0,17375,1085,719,139,125,1085,719,1085,844,1224,844,1224,719
6523,3110,4,0,21165,898,205,85,249,898,205,898,454,983,454,983,205
6525,3112,2,0,25066,1661,612,166,151,1661,612,1661,763,1827,763,1827,612
6530,3116,2,0,5304,1357,563,51,104,1357,563,1357,667,1408,667,1408,563
6531,3116,2,0,21730,1611,553,106,205,1611,553,1611,758,1717,758,1717,553
6536,3120,2,0,20091,785,282,111,181,785,282,785,463,896,463,896,282
6544,3128,2,0,20304,776,217,108,188,776,217,776,405,884,405,884,217
6551,3134,2,0,19458,777,442,94,207,777,442,777,649,871,649,871,442
6557,3140,1,0,18370,317,278,167,110,317,278,317,388,484,388,484,278
6560,3141,2,0,9869,848,324,71,139,848,324,848,463,919,463,919,324
6563,3143,1,0,41600,1720,279,200,208,1720,279,1720,487,1920,487,1920,279
6565,3144,2,0,10512,823,295,73,144,823,295,823,439,896,439,896,295
6570,3148,4,0,3159,703,338,39,81,703,338,703,419,742,419,742,338
6580,3158,2,0,1500,641,332,30,50,641,332,641,382,671,382,671,332
6582,3160,1,0,1221,357,349,37,33,357,349,357,382,394,382,394,349
6583,3161,1,0,2050,376,347,50,41,376,347,376,388,426,388,426,347
6596,3171,3,0,5529,780,368,57,97,780,368,780,465,837,465,837,368
6598,3172,4,0,11844,922,318,63,188,922,318,922,506,985,506,985,318
6600,3173,4,0,30240,1172,302,108,280,1172,302,1172,582,1280,582,1280,302
6602,3175,1,0,4270,574,339,70,61,574,339,574,400,644,400,644,339
6606,3176,2,0,4452,859,351,53,84,859,351,859,435,912,435,912,351
6617,3179,2,0,2814,887,348,42,67,887,348,887,415,929,415,929,348
6625,3184,1,0,4332,891,302,76,57,891,302,891,359,967,359,967,302
6627,3186,1,0,32984,349,309,266,124,349,309,349,433,615,433,615,309
6632,3191,1,0,1485,666,339,45,33,666,339,666,372,711,372,711,339
6636,3195,1,0,12126,722,336,129,94,722,336,722,430,851,430,851,336
6644,3203,2,0,6844,764,316,59,116,764,316,764,432,823,432,823,316
6648,3206,2,0,600,649,349,20,30,649,349,649,379,669,379,669,349
6655,3208,2,0,10080,854,364,84,120,854,364,854,484,938,484,938,364
6658,3209,2,0,3696,768,353,42,88,768,353,768,441,810,441,810,353
6665,3214,1,0,7194,878,301,109,66,878,301,878,367,987,367,987,301
6670,3219,2,0,12495,905,366,85,147,905,366,905,513,990,513,990,366
6685,3234,1,0,9984,623,320,96,104,623,320,623,424,719,424,719,320
6686,3235,1,0,8930,619,320,95,94,619,320,619,414,714,414,714,320
6702,3248,2,0,5886,821,338,54,109,821,338,821,447,875,447,875,338
6716,3254,1,0,25604,761,297,173,148,761,297,761,445,934,445,934,297
6720,3257,1,0,3572,795,335,76,47,795,335,795,382,871,382,871,335
6721,3258,1,0,4050,850,333,75,54,850,333,850,387,925,387,925,333
6724,3261,1,0,12669,935,321,123,103,935,321,935,424,1058,424,1058,321
6728,3265,1,0,4680,1206,330,72,65,1206,330,1206,395,1278,395,1278,330
6729,3266,1,0,6391,1136,324,83,77,1136,324,1136,401,1219,401,1219,324
6731,3268,1,0,12096,1032,318,112,108,1032,318,1032,426,1144,426,1144,318
6734,3270,1,0,1482,944,333,39,38,944,333,944,371,983,371,983,333
6747,3280,2,0,2960,695,333,40,74,695,333,695,407,735,407,735,333
6751,3283,1,0,33516,1026,276,252,133,1026,276,1026,409,1278,409,1278,276
6762,3290,2,0,13020,37,377,124,105,37,377,37,482,161,482,161,377
6766,3293,1,0,26505,1125,263,155,171,1125,263,1125,434,1280,434,1280,263
6768,3295,1,0,1155,586,339,35,33,586,339,586,372,621,372,621,339
6772,3299,1,0,2900,640,341,58,50,640,341,640,391,698,391,698,341
6774,3301,1,0,12319,681,332,127,97,681,332,681,429,808,429,808,332
6775,3302,1,0,33572,744,322,218,154,744,322,744,476,962,476,962,322
6777,3304,4,0,45000,679,180,100,450,679,180,679,630,779,630,779,180
6784,3309,4,0,25080,104,328,114,220,104,328,104,548,218,548,218,328
6788,3313,4,0,931,850,302,19,49,850,302,850,351,869,351,869,302
6789,3314,2,0,2550,749,351,34,75,749,351,749,426,783,426,783,351
6803,3323,2,0,4606,789,360,49,94,789,360,789,454,838,454,838,360
6807,3325,2,0,5544,997,312,63,88,997,312,997,400,1060,400,1060,312
6809,3327,1,0,6868,635,296,68,101,635,296,635,397,703,397,703,296
6814,3331,4,0,2720,988,287,32,85,988,287,988,372,1020,372,1020,287
6816,3332,1,0,251230,790,75,485,518,790,75,790,593,1275,593,1275,75
6817,3333,2,0,3652,943,289,44,83,943,289,943,372,987,372,987,289
6818,3333,4,0,2844,921,284,36,79,921,284,921,363,957,363,957,284
6819,3333,4,0,2822,1009,291,34,83,1009,291,1009,374,1043,374,1043,291
6825,3337,4,0,2880,1044,291,32,90,1044,291,1044,381,1076,381,1076,291
6834,3343,1,0,31031,0,330,217,143,0,330,0,473,217,473,217,330
6838,3346,4,0,2496,489,332,32,78,489,332,489,410,521,410,521,332
6845,3353,2,0,2376,757,350,33,72,757,350,757,422,790,422,790,350
6847,3355,2,0,31624,913,318,134,236,913,318,913,554,1047,554,1047,318
6850,3357,4,0,17472,283,311,78,224,283,311,283,535,361,535,361,311
6862,3367,1,0,19936,993,342,178,112,993,342,993,454,1171,454,1171,342
6867,3371,4,0,12804,839,285,66,194,839,285,839,479,905,479,905,285
6869,3373,2,0,12528,684,354,87,144,684,354,684,498,771,498,771,354
6870,3374,4,0,56420,527,193,124,455,527,193,527,648,651,648,651,193
6871,3375,1,0,6762,663,292,69,98,663,292,663,390,732,390,732,292
6875,3378,2,0,4860,811,358,54,90,811,358,811,448,865,448,865,358
6879,3379,1,0,36120,706,226,172,210,706,226,706,436,878,436,878,226
6884,3384,1,0,2726,794,325,47,58,794,325,794,383,841,383,841,325
6887,3387,1,0,5180,766,321,70,74,766,321,766,395,836,395,836,321
6905,3395,4,0,31815,1033,286,101,315,1033,286,1033,601,1134,601,1134,286
6911,3400,2,0,6552,770,344,56,117,770,344,770,461,826,461,826,344
6913,3402,2,0,17914,869,358,106,169,869,358,869,527,975,527,975,358
6916,3405,2,0,12896,831,368,104,124,831,368,831,492,935,492,935,368
6917,3405,4,0,6512,856,320,44,148,856,320,856,468,900,468,900,320
6922,3409,2,0,2665,790,357,41,65,790,357,790,422,831,422,831,357
6924,3410,2,0,4600,863,353,46,100,863,353,863,453,909,453,909,353
6930,3414,1,0,5934,636,306,69,86,636,306,636,392,705,392,705,306
6932,3415,2,0,5350,860,353,50,107,860,353,860,460,910,460,910,353
6933,3416,1,0,7821,624,298,79,99,624,298,624,397,703,397,703,298
6938,3418,1,0,3135,731,329,55,57,731,329,731,386,786,386,786,329
6939,3419,1,0,3596,729,323,58,62,729,323,729,385,787,385,787,323
6941,3420,1,0,4416,730,320,64,69,730,320,730,389,794,389,794,320
6942,3420,1,0,11600,592,289,100,116,592,289,592,405,692,405,692,289
6947,3423,1,0,16872,563,277,114,148,563,277,563,425,677,425,677,277
6949,3424,1,0,21462,744,301,147,146,744,301,744,447,891,447,891,301
6953,3426,1,0,82812,788,249,309,268,788,249,788,517,1097,517,1097,249
6955,3426,1,0,23460,521,260,138,170,521,260,521,430,659,430,659,260
6961,3429,1,0,36993,435,238,177,209,435,238,435,447,612,447,612,238
6964,3430,1,0,62062,66,282,286,217,66,282,66,499,352,499,352,282
6968,3432,1,0,84656,172,193,286,296,172,193,172,489,458,489,458,193
6971,3434,1,0,123868,23,177,358,346,23,177,23,523,381,523,381,177
6972,3434,4,0,19125,49,275,75,255,49,275,49,530,124,530,124,275
6975,3437,1,0,120280,0,62,194,620,0,62,0,682,194,682,194,62
6983,3445,2,0,5673,898,392,61,93,898,392,898,485,959,485,959,392
6996,3458,1,0,5616,612,336,78,72,612,336,612,408,690,408,690,336
7001,3463,4,0,11840,1018,339,64,185,1018,339,1018,524,1082,524,1082,339
7005,3466,1,0,2632,560,331,47,56,560,331,560,387,607,387,607,331
7014,3474,1,0,26352,696,268,144,183,696,268,696,451,840,451,840,268
7015,3475,1,0,73168,737,227,272,269,737,227,737,496,1009,496,1009,227
7018,3476,1,0,260172,842,69,438,594,842,69,842,663,1280,663,1280,69
7021,3479,1,0,40014,798,338,234,171,798,338,798,509,1032,509,1032,338
7040,3495,4,0,15708,246,327,102,154,246,327,246,481,348,481,348,327
7041,3496,4,0,32697,92,326,173,189,92,326,92,515,265,515,265,326
7044,3498,2,0,9632,605,415,112,86,605,415,605,501,717,501,717,415
7052,3504,1,0,19570,1034,325,206,95,1034,325,1034,420,1240,420,1240,325
7053,3505,1,0,588,662,348,28,21,662,348,662,369,690,369,690,348
7057,3509,1,0,4284,460,335,68,63,460,335,460,398,528,398,528,335
7059,3510,1,0,728,662,348,28,26,662,348,662,374,690,374,690,348
7064,3514,1,0,30212,258,315,182,166,258,315,258,481,440,481,440,315
7071,3519,2,0,13923,982,380,91,153,982,380,982,533,1073,533,1073,380
7074,3521,1,0,9016,597,319,92,98,597,319,597,417,689,417,689,319
7075,3522,1,0,30525,640,291,185,165,640,291,640,456,825,456,825,291
7076,3523,1,0,219604,774,212,506,434,774,212,774,646,1280,646,1280,212
7079,3526,1,0,4599,673,332,73,63,673,332,673,395,746,395,746,332
7084,3529,4,0,28520,824,300,124,230,824,300,824,530,948,530,948,300
7087,3530,4,0,15660,772,311,87,180,772,311,772,491,859,491,859,311
7093,3535,1,0,13029,704,317,129,101,704,317,704,418,833,418,833,317
7095,3536,4,0,11610,940,337,86,135,940,337,940,472,1026,472,1026,337
7106,3543,2,0,14168,314,381,92,154,314,381,314,535,406,535,406,381
7111,3546,1,0,2990,758,324,46,65,758,324,758,389,804,389,804,324
7143,3569,1,0,3038,601,317,49,62,601,317,601,379,650,379,650,317
7151,3572,1,0,27742,895,292,194,143,895,292,895,435,1089,435,1089,292
7154,3573,4,0,3230,355,331,34,95,355,331,355,426,389,426,389,331
7160,3575,4,0,11792,147,324,67,176,147,324,147,500,214,500,214,324
7161,3576,1,0,53560,485,226,206,260,485,226,485,486,691,486,691,226
7162,3577,1,0,55470,495,237,215,258,495,237,495,495,710,495,710,237
7163,3577,3,0,8736,1090,378,78,112,1090,378,1090,490,1168,490,1168,378
7164,3578,1,0,51940,508,250,212,245,508,250,508,495,720,495,720,250
7168,3582,1,0,42780,547,250,186,230,547,250,547,480,733,480,733,250
7169,3583,1,0,43130,545,248,190,227,545,248,545,475,735,475,735,248
7176,3589,1,0,32144,501,270,164,196,501,270,501,466,665,466,665,270
7179,3590,1,0,5727,686,302,69,83,686,302,686,385,755,385,755,302
7183,3592,1,0,29915,503,271,155,193,503,271,503,464,658,464,658,271
7185,3593,1,0,29414,507,272,154,191,507,272,507,463,661,463,661,272
7191,3595,4,0,3589,833,331,37,97,833,331,833,428,870,428,870,331
7194,3596,1,0,25434,757,256,157,162,757,256,757,418,914,418,914,256
7206,3599,1,0,3300,484,330,60,55,484,330,484,385,544,385,544,330
7218,3607,1,0,187389,759,148,443,423,759,148,759,571,1202,571,1202,148
7222,3610,1,0,7310,675,324,85,86,675,324,675,410,760,410,760,324
7232,3616,2,0,3404,699,356,46,74,699,356,699,430,745,430,745,356
7236,3619,2,0,612,677,348,17,36,677,348,677,384,694,384,694,348
7237,3620,2,0,1485,710,346,27,55,710,346,710,401,737,401,737,346
7245,3627,2,0,1944,816,336,36,54,816,336,816,390,852,390,852,336
7249,3628,2,0,1456,836,331,28,52,836,331,836,383,864,383,864,331
7250,3629,1,0,6696,817,285,72,93,817,285,817,378,889,378,889,285
7251,3629,2,0,8954,1049,348,74,121,1049,348,1049,469,1123,469,1123,348
7258,3633,1,0,150920,971,86,308,490,971,86,971,576,1279,576,1279,86
7267,3639,1,0,1160,715,333,40,29,715,333,715,362,755,362,755,333
7270,3640,1,0,1702,710,330,46,37,710,330,710,367,756,367,756,330
7273,3641,2,0,1431,598,350,27,53,598,350,598,403,625,403,625,350
7274,3641,1,0,1050,686,328,35,30,686,328,686,358,721,358,721,328
7283,3645,1,0,8526,778,322,98,87,778,322,778,409,876,409,876,322
7289,3646,2,0,5217,577,323,47,111,577,323,577,434,624,434,624,323
7317,3654,2,0,1848,628,323,33,56,628,323,628,379,661,379,661,323
7321,3656,2,0,10899,512,298,63,173,512,298,512,471,575,471,575,298
7328,3658,2,0,1428,626,332,34,42,626,332,626,374,660,374,660,332
7338,3661,2,0,2556,736,317,36,71,736,317,736,388,772,388,772,317
7343,3662,2,0,16037,464,292,79,203,464,292,464,495,543,495,543,292
7349,3663,2,0,1508,714,330,26,58,714,330,714,388,740,388,740,330
7350,3663,2,0,13731,455,299,69,199,455,299,455,498,524,498,524,299
7359,3664,2,0,2772,718,325,36,77,718,325,718,402,754,402,754,325
7360,3664,2,0,18711,425,309,99,189,425,309,425,498,524,498,524,309
7363,3665,1,0,1927,567,326,41,47,567,326,567,373,608,373,608,326
7370,3666,2,0,1173,551,332,23,51,551,332,551,383,574,383,574,332
7371,3667,1,0,2499,567,329,49,51,567,329,567,380,616,380,616,329
7374,3667,2,0,1180,615,331,20,59,615,331,615,390,635,390,635,331
7376,3667,2,0,918,602,329,17,54,602,329,602,383,619,383,619,329
7377,3667,1,0,3312,475,314,69,48,475,314,475,362,544,362,544,314
7380,3668,2,0,14454,416,308,73,198,416,308,416,506,489,506,489,308
7388,3669,1,0,11899,263,316,163,73,263,316,263,389,426,389,426,316
7403,3671,2,0,1219,547,329,23,53,547,329,547,382,570,382,570,329
7405,3671,1,0,18318,183,312,213,86,183,312,183,398,396,398,396,312
7406,3671,2,0,16856,424,307,86,196,424,307,424,503,510,503,510,307
7408,3672,1,0,2304,577,328,48,48,577,328,577,376,625,376,625,328
7411,3672,1,0,23424,130,310,244,96,130,310,130,406,374,406,374,310
7427,3675,2,0,2590,601,322,35,74,601,322,601,396,636,396,636,322
7433,3676,1,0,3596,787,332,62,58,787,332,787,390,849,390,849,332
7434,3676,2,0,2728,609,328,44,62,609,328,609,390,653,390,653,328
7462,3680,2,0,14819,456,301,73,203,456,301,456,504,529,504,529,301
7467,3681,1,0,57376,113,248,352,163,113,248,113,411,465,411,465,248
7473,3682,2,0,15656,462,303,76,206,462,303,462,509,538,509,538,303
7475,3682,2,0,1932,636,328,28,69,636,328,636,397,664,397,664,328
7480,3683,1,0,10528,918,327,112,94,918,327,918,421,1030,421,1030,327
7481,3683,2,0,3760,590,333,40,94,590,333,590,427,630,427,630,333
7483,3683,2,0,2277,560,332,33,69,560,332,560,401,593,401,593,332
7485,3684,1,0,89391,0,203,359,249,0,203,0,452,359,452,359,203
7488,3684,2,0,2294,638,327,31,74,638,327,638,401,669,401,669,327
7498,3686,1,0,86460,0,135,220,393,0,135,0,528,220,528,220,135
7499,3686,2,0,16146,488,308,78,207,488,308,488,515,566,515,566,308
7506,3687,2,0,19313,494,314,89,217,494,314,494,531,583,531,583,314
7507,3687,2,0,4730,577,326,43,110,577,326,577,436,620,436,620,326
7515,3688,4,0,3496,581,322,38,92,581,322,581,414,619,414,619,322
7516,3688,4,0,2160,660,322,36,60,660,322,660,382,696,382,696,322
7518,3689,4,0,828,716,326,18,46,716,326,716,372,734,372,734,326
7522,3689,1,0,5183,623,321,71,73,623,321,623,394,694,394,694,321
7525,3689,4,0,2925,582,320,39,75,582,320,582,395,621,395,621,320
7531,3690,4,0,784,724,322,16,49,724,322,724,371,740,371,740,322
7533,3690,4,0,2555,595,320,35,73,595,320,595,393,630,393,630,320
7536,3690,2,0,2808,589,359,39,72,589,359,589,431,628,431,628,359
7538,3690,1,0,4473,640,319,63,71,640,319,640,390,703,390,703,319
7539,3691,2,0,9709,533,373,73,133,533,373,533,506,606,506,606,373
7544,3691,4,0,1375,804,319,25,55,804,319,804,374,829,374,829,319
7545,3691,4,0,1122,726,325,22,51,726,325,726,376,748,376,748,325
7554,3692,1,0,4440,651,314,60,74,651,314,651,388,711,388,711,314
7564,3693,4,0,1235,734,318,19,65,734,318,734,383,753,383,753,318
7580,3694,2,0,2680,627,350,40,67,627,350,627,417,667,417,667,350
7581,3694,2,0,13760,540,349,86,160,540,349,540,509,626,509,626,349
7584,3694,4,0,2886,611,313,37,78,611,313,611,391,648,391,648,313
7590,3696,1,0,1406,857,326,38,37,857,326,857,363,895,363,895,326
7591,3696,4,0,1725,736,318,23,75,736,318,736,393,759,393,759,318
7610,3698,4,0,816,918,316,24,34,918,316,918,350,942,350,942,316
7613,3698,2,0,5088,465,346,96,53,465,346,465,399,561,399,561,346
7614,3698,2,0,11169,683,351,73,153,683,351,683,504,756,504,756,351
7622,3699,1,0,5429,875,303,89,61,875,303,875,364,964,364,964,303
7625,3700,1,0,1353,542,316,41,33,542,316,542,349,583,349,583,316
7628,3701,4,0,14630,408,296,95,154,408,296,408,450,503,450,503,296
7631,3702,1,0,166530,825,181,455,366,825,181,825,547,1280,547,1280,181
7638,3703,2,0,2475,649,345,45,55,649,345,649,400,694,400,694,345
7643,3703,2,0,960,612,338,24,40,612,338,612,378,636,378,636,338
7650,3704,2,0,1664,676,343,32,52,676,343,676,395,708,395,708,343
7655,3704,4,0,27480,284,281,120,229,284,281,284,510,404,510,404,281
7657,3705,4,0,19136,309,272,92,208,309,272,309,480,401,480,401,272
7665,3708,2,0,3900,515,373,50,78,515,373,515,451,565,451,565,373
7666,3708,2,0,1998,555,360,37,54,555,360,555,414,592,414,592,360
7667,3708,4,0,3915,516,322,45,87,516,322,516,409,561,409,561,322
7680,3709,4,0,10710,1154,318,63,170,1154,318,1154,488,1217,488,1217,318
7681,3710,1,0,5810,621,326,83,70,621,326,621,396,704,396,704,326
7684,3710,1,0,60040,0,262,190,316,0,262,0,578,190,578,190,262
7687,3710,2,0,3321,483,349,41,81,483,349,483,430,524,430,524,349
7688,3710,4,0,1775,492,328,25,71,492,328,492,399,517,399,517,328
7697,3711,4,0,1900,502,321,25,76,502,321,502,397,527,397,527,321
7703,3712,4,0,8784,467,301,61,144,467,301,467,445,528,445,528,301
7711,3713,4,0,4059,969,321,41,99,969,321,969,420,1010,420,1010,321
7721,3715,1,0,27540,730,288,180,153,730,288,730,441,910,441,910,288
7722,3715,2,0,1560,495,354,30,52,495,354,495,406,525,406,525,354
7731,3717,1,0,95677,862,303,397,241,862,303,862,544,1259,544,1259,303
7736,3717,1,0,1804,606,326,44,41,606,326,606,367,650,367,650,326
7739,3718,4,0,4320,854,318,48,90,854,318,854,408,902,408,902,318
7741,3718,2,0,2400,733,339,40,60,733,339,733,399,773,399,773,339
7743,3718,2,0,1260,588,343,28,45,588,343,588,388,616,388,616,343
7751,3719,2,0,3528,554,373,49,72,554,373,554,445,603,445,603,373
7753,3719,4,0,820,612,341,20,41,612,341,612,382,632,382,632,341
7765,3722,4,0,5355,538,329,51,105,538,329,538,434,589,434,589,329
7772,3724,1,0,29988,1004,332,238,126,1004,332,1004,458,1242,458,1242,332
7775,3725,1,0,17290,524,308,130,133,524,308,524,441,654,441,654,308
7798,3740,2,0,1404,586,344,27,52,586,344,586,396,613,396,613,344
7799,3741,2,0,2052,570,350,36,57,570,350,570,407,606,407,606,350
7805,3746,4,0,13725,289,328,75,183,289,328,289,511,364,511,364,328
7812,3751,2,0,2640,684,360,40,66,684,360,684,426,724,426,724,360
7814,3753,2,0,7070,765,372,70,101,765,372,765,473,835,473,835,372
7828,3756,4,0,6344,441,292,52,122,441,292,441,414,493,414,493,292
7835,3760,1,0,25536,816,280,192,133,816,280,816,413,1008,413,1008,280
7836,3760,2,0,12875,72,348,103,125,72,348,72,473,175,473,175,348
7837,3760,4,0,8896,106,287,64,139,106,287,106,426,170,426,170,287
7848,3768,1,0,183820,825,146,455,404,825,146,825,550,1280,550,1280,146
7851,3769,1,0,108672,746,195,384,283,746,195,746,478,1130,478,1130,195
7853,3769,1,0,1978,469,298,46,43,469,298,469,341,515,341,515,298
7861,3772,2,0,5580,853,298,60,93,853,298,853,391,913,391,913,298
7866,3773,1,0,17875,615,259,143,125,615,259,615,384,758,384,758,259
7872,3775,1,0,34371,179,258,201,171,179,258,179,429,380,429,380,258
7876,3776,1,0,9024,558,272,96,94,558,272,558,366,654,366,654,272
7883,3779,1,0,81693,0,216,261,313,0,216,0,529,261,529,261,216
7885,3780,1,0,4968,535,287,72,69,535,287,535,356,607,356,607,287
7893,3784,2,0,3844,516,282,62,62,516,282,516,344,578,344,578,282
7895,3784,1,0,19539,221,282,167,117,221,282,221,399,388,399,388,282
7896,3785,1,0,3480,514,284,60,58,514,284,514,342,574,342,574,284
7897,3785,1,0,24480,191,282,180,136,191,282,191,418,371,418,371,282
7905,3790,1,0,65417,2,269,313,209,2,269,2,478,315,478,315,269
7919,3797,2,0,15300,851,319,100,153,851,319,851,472,951,472,951,319
7921,3798,2,0,33210,913,323,162,205,913,323,913,528,1075,528,1075,323
7922,3798,4,0,15000,952,234,60,250,952,234,952,484,1012,484,1012,234
7937,3807,1,0,7917,382,316,87,91,382,316,382,407,469,407,469,316
7938,3807,4,0,3600,435,316,36,100,435,316,435,416,471,416,471,316
7939,3808,1,0,10400,365,314,104,100,365,314,365,414,469,414,469,314
7953,3815,1,0,44352,104,321,231,192,104,321,104,513,335,513,335,321
7955,3816,4,0,22050,274,304,90,245,274,304,274,549,364,549,364,304
7974,3829,1,0,6264,724,321,87,72,724,321,724,393,811,393,811,321
7979,3830,1,0,92989,969,245,311,299,969,245,969,544,1280,544,1280,245
7989,3834,2,0,11970,1019,405,90,133,1019,405,1019,538,1109,538,1109,405
7993,3834,1,0,44992,22,301,304,148,22,301,22,449,326,449,326,301
7996,3835,1,0,1760,706,374,40,44,706,374,706,418,746,418,746,374
7997,3835,1,0,31808,0,318,224,142,0,318,0,460,224,460,224,318
8003,3837,1,0,3286,900,383,62,53,900,383,900,436,962,436,962,383
8005,3837,1,0,23707,0,313,151,157,0,313,0,470,151,470,151,313
8010,3838,1,0,37714,0,295,218,173,0,295,0,468,218,468,218,295
8015,3840,1,0,4503,919,388,79,57,919,388,919,445,998,445,998,388
8017,3840,1,0,1848,729,373,42,44,729,373,729,417,771,417,771,373
8020,3841,4,0,39215,288,354,155,253,288,354,288,607,443,607,443,354
8023,3841,2,0,8740,582,377,76,115,582,377,582,492,658,492,658,377
8026,3842,2,0,101920,459,447,392,260,459,447,459,707,851,707,851,447
8029,3842,4,0,36850,1127,349,134,275,1127,349,1127,624,1261,624,1261,349
8034,3843,2,0,69740,977,288,220,317,977,288,977,605,1197,605,1197,288
8035,3843,1,0,2805,774,269,55,51,774,269,774,320,829,320,829,269
8036,3843,2,0,3388,423,308,44,77,423,308,423,385,467,385,467,308
8039,3844,1,0,3933,778,266,69,57,778,266,778,323,847,323,847,266
8058,3851,4,0,7668,468,276,54,142,468,276,468,418,522,418,522,276
8071,3863,3,0,989,575,455,23,43,575,455,575,498,598,498,598,455
8074,3864,4,0,2160,562,374,30,72,562,374,562,446,592,446,592,374
8075,3865,3,0,1802,554,357,34,53,554,357,554,410,588,410,588,357
8076,3865,4,0,2640,553,319,33,80,553,319,553,399,586,399,586,319
8078,3867,4,0,8512,824,259,56,152,824,259,824,411,880,411,880,259
8101,3872,4,0,7191,160,256,51,141,160,256,160,397,211,397,211,256
8105,3873,2,0,6762,617,302,69,98,617,302,617,400,686,400,686,302
8108,3873,3,0,37122,1142,343,138,269,1142,343,1142,612,1280,612,1280,343
8110,3873,2,0,11726,890,320,82,143,890,320,890,463,972,463,972,320
8117,3874,4,0,52332,611,212,178,294,611,212,611,506,789,506,789,212
8118,3874,2,0,27176,213,317,158,172,213,317,213,489,371,489,371,317
8130,3875,2,0,38465,632,350,157,245,632,350,632,595,789,595,789,350
8136,3877,1,0,2736,635,296,57,48,635,296,635,344,692,344,692,296
8140,3877,2,0,26082,128,340,189,138,128,340,128,478,317,478,317,340
8144,3878,2,0,2052,463,299,38,54,463,299,463,353,501,353,501,299
8149,3878,2,0,7221,844,299,83,87,844,299,844,386,927,386,927,299
8158,3879,2,0,11360,1179,303,80,142,1179,303,1179,445,1259,445,1259,303
8161,3879,2,0,7990,872,291,85,94,872,291,872,385,957,385,957,291
8162,3879,2,0,3245,792,303,59,55,792,303,792,358,851,358,851,303
8170,3881,3,0,78817,487,220,293,269,487,220,487,489,780,489,780,220
8180,3883,1,0,109782,0,209,321,342,0,209,0,551,321,551,321,209
8185,3885,1,0,287763,296,164,579,497,296,164,296,661,875,661,875,164
8191,3886,1,0,159264,964,160,316,504,964,160,964,664,1280,664,1280,160
8195,3887,1,0,109620,1,209,315,348,1,209,1,557,316,557,316,209
8216,3889,2,0,60858,1073,342,207,294,1073,342,1073,636,1280,636,1280,342
8217,3889,2,0,15834,1037,260,91,174,1037,260,1037,434,1128,434,1128,260
8226,3894,4,0,54864,824,130,144,381,824,130,824,511,968,511,968,130
8229,3895,3,0,31647,752,233,231,137,752,233,752,370,983,370,983,233
8230,3895,4,0,71760,502,117,195,368,502,117,502,485,697,485,697,117
8231,3895,4,0,60759,427,142,157,387,427,142,427,529,584,529,584,142
8239,3898,2,0,171366,678,233,507,338,678,233,678,571,1185,571,1185,233
8244,3900,4,0,128506,7,133,274,469,7,133,7,602,281,602,281,133
8248,3902,4,0,27432,524,216,127,216,524,216,524,432,651,432,651,216
8251,3902,4,0,87330,688,189,213,410,688,189,688,599,901,599,901,189
8254,3902,2,0,12551,593,268,77,163,593,268,593,431,670,431,670,268
8257,3904,1,0,50589,0,260,231,219,0,260,0,479,231,479,231,260
8262,3907,4,0,31755,108,252,145,219,108,252,108,471,253,471,253,252
8268,3908,2,0,105924,260,353,388,273,260,353,260,626,648,626,648,353
8270,3908,2,0,16359,162,292,123,133,162,292,162,425,285,425,285,292
8274,3909,4,0,39468,140,232,156,253,140,232,140,485,296,485,296,232
8276,3909,4,0,59840,788,181,170,352,788,181,788,533,958,533,958,181
8279,3909,4,0,11928,440,236,71,168,440,236,440,404,511,404,511,236
8282,3911,2,0,7236,237,294,108,67,237,294,237,361,345,361,345,294
8284,3912,2,0,9028,90,309,122,74,90,309,90,383,212,383,212,309
8298,3922,4,0,7380,717,235,60,123,717,235,717,358,777,358,777,235
8311,3929,2,0,107236,33,289,332,323,33,289,33,612,365,612,365,289
8312,3929,2,0,19890,319,286,102,195,319,286,319,481,421,481,421,286
8318,3931,2,0,32376,106,296,152,213,106,296,106,509,258,509,258,296
8322,3934,1,0,25604,621,254,173,148,621,254,621,402,794,402,794,254
8323,3934,2,0,12835,879,252,85,151,879,252,879,403,964,403,964,252
8325,3935,1,0,36639,543,263,207,177,543,263,543,440,750,440,750,263
8335,3937,2,0,15834,120,330,91,174,120,330,120,504,211,504,211,330
8337,3937,2,0,9990,309,333,111,90,309,333,309,423,420,423,420,333
8338,3937,1,0,8112,411,317,104,78,411,317,411,395,515,395,515,317
8347,3938,2,0,2508,866,320,33,76,866,320,866,396,899,396,899,320
8350,3940,4,0,6160,124,304,56,110,124,304,124,414,180,414,180,304
8351,3940,2,0,4235,242,321,55,77,242,321,242,398,297,398,297,321
8353,3940,1,0,9898,417,287,98,101,417,287,417,388,515,388,515,287
8357,3943,2,0,113985,713,360,447,255,713,360,713,615,1160,615,1160,360
8359,3943,2,0,3584,1173,308,56,64,1173,308,1173,372,1229,372,1229,308
8381,3955,1,0,13840,983,302,173,80,983,302,983,382,1156,382,1156,302
8382,3956,1,0,3900,331,296,75,52,331,296,331,348,406,348,406,296
8383,3957,1,0,6256,339,294,92,68,339,294,339,362,431,362,431,294
8390,3959,3,0,42370,922,358,190,223,922,358,922,581,1112,581,1112,358
8405,3967,4,0,5600,726,329,50,112,726,329,726,441,776,441,776,329
8409,3970,4,0,1885,582,287,29,65,582,287,582,352,611,352,611,287
8410,3971,4,0,13943,679,272,73,191,679,272,679,463,752,463,752,272
8413,3973,1,0,4788,326,293,76,63,326,293,326,356,402,356,402,293
8426,3975,4,0,37583,867,198,91,413,867,198,867,611,958,611,958,198
8429,3975,1,0,2703,420,292,53,51,420,292,420,343,473,343,473,292
8430,3975,4,0,8249,39,260,73,113,39,260,39,373,112,373,112,260
8433,3976,1,0,166599,715,284,519,321,715,284,715,605,1234,605,1234,284
8435,3976,4,0,33615,79,244,135,249,79,244,79,493,214,493,214,244
8436,3976,4,0,2849,538,284,37,77,538,284,538,361,575,361,575,284
8437,3976,4,0,7991,342,274,61,131,342,274,342,405,403,405,403,274
8451,3981,4,0,2613,23,320,39,67,23,320,23,387,62,387,62,320
8460,3983,4,0,48645,728,222,141,345,728,222,728,567,869,567,869,222
8465,3983,4,0,5831,85,290,49,119,85,290,85,409,134,409,134,290
8466,3984,4,0,81675,49,214,225,363,49,214,49,577,274,577,274,214
8477,3987,4,0,58006,25,210,194,299,25,210,25,509,219,509,219,210
8488,3991,2,0,46288,0,332,263,176,0,332,0,508,263,508,263,332
8489,3992,4,0,42217,82,211,163,259,82,211,82,470,245,470,245,211
8490,3992,2,0,70094,2,322,347,202,2,322,2,524,349,524,349,322
8491,3993,2,0,75828,87,314,356,213,87,314,87,527,443,527,443,314
8497,3996,4,0,47168,463,244,176,268,463,244,463,512,639,512,639,244
8502,3998,4,0,24476,589,246,116,211,589,246,589,457,705,457,705,246
8504,3999,4,0,19740,612,250,94,210,612,250,612,460,706,460,706,250
8507,4000,2,0,4704,1197,308,56,84,1197,308,1197,392,1253,392,1253,308
8510,4001,2,0,5626,1137,317,58,97,1137,317,1137,414,1195,414,1195,317
8511,4001,4,0,4545,1127,286,45,101,1127,286,1127,387,1172,387,1172,286
8513,4002,2,0,9794,1100,320,83,118,1100,320,1100,438,1183,438,1183,320
8515,4003,2,0,17108,528,284,94,182,528,284,528,466,622,466,622,284
8516,4003,2,0,20625,1127,318,125,165,1127,318,1127,483,1252,483,1252,318
8523,4006,4,0,9396,1169,280,54,174,1169,280,1169,454,1223,454,1223,280
8527,4007,4,0,4352,870,279,34,128,870,279,870,407,904,407,904,279
8528,4008,4,0,10584,756,266,63,168,756,266,756,434,819,434,819,266
8531,4009,1,0,1225,464,301,35,35,464,301,464,336,499,336,499,301
8537,4013,4,0,16683,1180,281,67,249,1180,281,1180,530,1247,530,1247,281
8540,4014,1,0,2860,496,308,55,52,496,308,496,360,551,360,551,308
